14319 14324 14322 14333  60.0 2.5
14324 14322 14333 14329 -60.0 2.5
14322 14333 14329 14325  60.0 2.5
14333 14329 14325 14319 -60.0 2.5
14329 14325 14319 14324  60.0 2.5
14325 14319 14324 14322 -60.0 2.5
14445 14450 14448 14459  60.0 2.5
14450 14448 14459 14455 -60.0 2.5
14448 14459 14455 14451  60.0 2.5
14459 14455 14451 14445 -60.0 2.5
14455 14451 14445 14450  60.0 2.5
14451 14445 14450 14448 -60.0 2.5
14571 14576 14574 14585  60.0 2.5
14576 14574 14585 14581 -60.0 2.5
14574 14585 14581 14577  60.0 2.5
14585 14581 14577 14571 -60.0 2.5
14581 14577 14571 14576  60.0 2.5
14577 14571 14576 14574 -60.0 2.5
14697 14702 14700 14711  60.0 2.5
14702 14700 14711 14707 -60.0 2.5
14700 14711 14707 14703  60.0 2.5
14711 14707 14703 14697 -60.0 2.5
14707 14703 14697 14702  60.0 2.5
14703 14697 14702 14700 -60.0 2.5
14823 14828 14826 14837  60.0 2.5
14828 14826 14837 14833 -60.0 2.5
14826 14837 14833 14829  60.0 2.5
14837 14833 14829 14823 -60.0 2.5
14833 14829 14823 14828  60.0 2.5
14829 14823 14828 14826 -60.0 2.5
14949 14954 14952 14963  60.0 2.5
14954 14952 14963 14959 -60.0 2.5
14952 14963 14959 14955  60.0 2.5
14963 14959 14955 14949 -60.0 2.5
14959 14955 14949 14954  60.0 2.5
14955 14949 14954 14952 -60.0 2.5
15075 15080 15078 15089  60.0 2.5
15080 15078 15089 15085 -60.0 2.5
15078 15089 15085 15081  60.0 2.5
15089 15085 15081 15075 -60.0 2.5
15085 15081 15075 15080  60.0 2.5
15081 15075 15080 15078 -60.0 2.5
15201 15206 15204 15215  60.0 2.5
15206 15204 15215 15211 -60.0 2.5
15204 15215 15211 15207  60.0 2.5
15215 15211 15207 15201 -60.0 2.5
15211 15207 15201 15206  60.0 2.5
15207 15201 15206 15204 -60.0 2.5
15327 15332 15330 15341  60.0 2.5
15332 15330 15341 15337 -60.0 2.5
15330 15341 15337 15333  60.0 2.5
15341 15337 15333 15327 -60.0 2.5
15337 15333 15327 15332  60.0 2.5
15333 15327 15332 15330 -60.0 2.5
15453 15458 15456 15467  60.0 2.5
15458 15456 15467 15463 -60.0 2.5
15456 15467 15463 15459  60.0 2.5
15467 15463 15459 15453 -60.0 2.5
15463 15459 15453 15458  60.0 2.5
15459 15453 15458 15456 -60.0 2.5
15579 15584 15582 15593  60.0 2.5
15584 15582 15593 15589 -60.0 2.5
15582 15593 15589 15585  60.0 2.5
15593 15589 15585 15579 -60.0 2.5
15589 15585 15579 15584  60.0 2.5
15585 15579 15584 15582 -60.0 2.5
15705 15710 15708 15719  60.0 2.5
15710 15708 15719 15715 -60.0 2.5
15708 15719 15715 15711  60.0 2.5
15719 15715 15711 15705 -60.0 2.5
15715 15711 15705 15710  60.0 2.5
15711 15705 15710 15708 -60.0 2.5
15831 15836 15834 15845  60.0 2.5
15836 15834 15845 15841 -60.0 2.5
15834 15845 15841 15837  60.0 2.5
15845 15841 15837 15831 -60.0 2.5
15841 15837 15831 15836  60.0 2.5
15837 15831 15836 15834 -60.0 2.5
15957 15962 15960 15971  60.0 2.5
15962 15960 15971 15967 -60.0 2.5
15960 15971 15967 15963  60.0 2.5
15971 15967 15963 15957 -60.0 2.5
15967 15963 15957 15962  60.0 2.5
15963 15957 15962 15960 -60.0 2.5
16083 16088 16086 16097  60.0 2.5
16088 16086 16097 16093 -60.0 2.5
16086 16097 16093 16089  60.0 2.5
16097 16093 16089 16083 -60.0 2.5
16093 16089 16083 16088  60.0 2.5
16089 16083 16088 16086 -60.0 2.5
16209 16214 16212 16223  60.0 2.5
16214 16212 16223 16219 -60.0 2.5
16212 16223 16219 16215  60.0 2.5
16223 16219 16215 16209 -60.0 2.5
16219 16215 16209 16214  60.0 2.5
16215 16209 16214 16212 -60.0 2.5
16335 16340 16338 16349  60.0 2.5
16340 16338 16349 16345 -60.0 2.5
16338 16349 16345 16341  60.0 2.5
16349 16345 16341 16335 -60.0 2.5
16345 16341 16335 16340  60.0 2.5
16341 16335 16340 16338 -60.0 2.5
16461 16466 16464 16475  60.0 2.5
16466 16464 16475 16471 -60.0 2.5
16464 16475 16471 16467  60.0 2.5
16475 16471 16467 16461 -60.0 2.5
16471 16467 16461 16466  60.0 2.5
16467 16461 16466 16464 -60.0 2.5
16587 16592 16590 16601  60.0 2.5
16592 16590 16601 16597 -60.0 2.5
16590 16601 16597 16593  60.0 2.5
16601 16597 16593 16587 -60.0 2.5
16597 16593 16587 16592  60.0 2.5
16593 16587 16592 16590 -60.0 2.5
16713 16718 16716 16727  60.0 2.5
16718 16716 16727 16723 -60.0 2.5
16716 16727 16723 16719  60.0 2.5
16727 16723 16719 16713 -60.0 2.5
16723 16719 16713 16718  60.0 2.5
16719 16713 16718 16716 -60.0 2.5
16839 16844 16842 16853  60.0 2.5
16844 16842 16853 16849 -60.0 2.5
16842 16853 16849 16845  60.0 2.5
16853 16849 16845 16839 -60.0 2.5
16849 16845 16839 16844  60.0 2.5
16845 16839 16844 16842 -60.0 2.5
16965 16970 16968 16979  60.0 2.5
16970 16968 16979 16975 -60.0 2.5
16968 16979 16975 16971  60.0 2.5
16979 16975 16971 16965 -60.0 2.5
16975 16971 16965 16970  60.0 2.5
16971 16965 16970 16968 -60.0 2.5
17091 17096 17094 17105  60.0 2.5
17096 17094 17105 17101 -60.0 2.5
17094 17105 17101 17097  60.0 2.5
17105 17101 17097 17091 -60.0 2.5
17101 17097 17091 17096  60.0 2.5
17097 17091 17096 17094 -60.0 2.5
17217 17222 17220 17231  60.0 2.5
17222 17220 17231 17227 -60.0 2.5
17220 17231 17227 17223  60.0 2.5
17231 17227 17223 17217 -60.0 2.5
17227 17223 17217 17222  60.0 2.5
17223 17217 17222 17220 -60.0 2.5
