14223 14216 14221 14219  120.0 2.5
14227 14225 14223 14221 -120.0 2.5
14223 14227 14229 14231  180.0 0.0
14349 14342 14347 14345  120.0 2.5
14353 14351 14349 14347 -120.0 2.5
14349 14353 14355 14357  180.0 0.0
14475 14468 14473 14471  120.0 2.5
14479 14477 14475 14473 -120.0 2.5
14475 14479 14481 14483  180.0 0.0
14601 14594 14599 14597  120.0 2.5
14605 14603 14601 14599 -120.0 2.5
14601 14605 14607 14609  180.0 0.0
14727 14720 14725 14723  120.0 2.5
14731 14729 14727 14725 -120.0 2.5
14727 14731 14733 14735  180.0 0.0
14853 14846 14851 14849  120.0 2.5
14857 14855 14853 14851 -120.0 2.5
14853 14857 14859 14861  180.0 0.0
14979 14972 14977 14975  120.0 2.5
14983 14981 14979 14977 -120.0 2.5
14979 14983 14985 14987  180.0 0.0
15105 15098 15103 15101  120.0 2.5
15109 15107 15105 15103 -120.0 2.5
15105 15109 15111 15113  180.0 0.0
15231 15224 15229 15227  120.0 2.5
15235 15233 15231 15229 -120.0 2.5
15231 15235 15237 15239  180.0 0.0
15357 15350 15355 15353  120.0 2.5
15361 15359 15357 15355 -120.0 2.5
15357 15361 15363 15365  180.0 0.0
15483 15476 15481 15479  120.0 2.5
15487 15485 15483 15481 -120.0 2.5
15483 15487 15489 15491  180.0 0.0
15609 15602 15607 15605  120.0 2.5
15613 15611 15609 15607 -120.0 2.5
15609 15613 15615 15617  180.0 0.0
15735 15728 15733 15731  120.0 2.5
15739 15737 15735 15733 -120.0 2.5
15735 15739 15741 15743  180.0 0.0
15861 15854 15859 15857  120.0 2.5
15865 15863 15861 15859 -120.0 2.5
15861 15865 15867 15869  180.0 0.0
15987 15980 15985 15983  120.0 2.5
15991 15989 15987 15985 -120.0 2.5
15987 15991 15993 15995  180.0 0.0
16113 16106 16111 16109  120.0 2.5
16117 16115 16113 16111 -120.0 2.5
16113 16117 16119 16121  180.0 0.0
16239 16232 16237 16235  120.0 2.5
16243 16241 16239 16237 -120.0 2.5
16239 16243 16245 16247  180.0 0.0
16365 16358 16363 16361  120.0 2.5
16369 16367 16365 16363 -120.0 2.5
16365 16369 16371 16373  180.0 0.0
16491 16484 16489 16487  120.0 2.5
16495 16493 16491 16489 -120.0 2.5
16491 16495 16497 16499  180.0 0.0
16617 16610 16615 16613  120.0 2.5
16621 16619 16617 16615 -120.0 2.5
16617 16621 16623 16625  180.0 0.0
16743 16736 16741 16739  120.0 2.5
16747 16745 16743 16741 -120.0 2.5
16743 16747 16749 16751  180.0 0.0
16869 16862 16867 16865  120.0 2.5
16873 16871 16869 16867 -120.0 2.5
16869 16873 16875 16877  180.0 0.0
16995 16988 16993 16991  120.0 2.5
16999 16997 16995 16993 -120.0 2.5
16995 16999 17001 17003  180.0 0.0
17121 17114 17119 17117  120.0 2.5
17125 17123 17121 17119 -120.0 2.5
17121 17125 17127 17129  180.0 0.0
27467 27478 27470 27472 -120.0 2.5
27490 27493 27495 27497  0.0 0.0
27497 27500 27502 27504  0.0 0.0
27504 27507 27509 27511  0.0 0.0
27511 27514 27516 27518  0.0 0.0
27601 27612 27604 27606 -120.0 2.5
27636 27639 27641 27643  0.0 0.0
27735 27746 27738 27740 -120.0 2.5
27770 27773 27775 27777  0.0 0.0
27869 27880 27872 27874 -120.0 2.5
27904 27907 27909 27911  0.0 0.0
28003 28014 28006 28008 -120.0 2.5
28038 28041 28043 28045  0.0 0.0
28137 28148 28140 28142 -120.0 2.5
28172 28175 28177 28179  0.0 0.0
28271 28282 28274 28276 -120.0 2.5
28306 28309 28311 28313  0.0 0.0
28405 28416 28408 28410 -120.0 2.5
28440 28443 28445 28447  0.0 0.0
28530 28541 28533 28535 -120.0 2.5
28550 28553 28555 28557  0.0 0.0
28557 28560 28562 28564  0.0 0.0
28564 28567 28569 28571  0.0 0.0
28571 28574 28576 28578  0.0 0.0
28578 28581 28583 28585  0.0 0.0
28585 28588 28590 28592  0.0 0.0
28663 28674 28666 28668 -120.0 2.5
28683 28686 28688 28690  0.0 0.0
28690 28693 28695 28697  0.0 0.0
28697 28700 28702 28704  0.0 0.0
28704 28707 28709 28711  0.0 0.0
28711 28714 28716 28718  0.0 0.0
28718 28721 28723 28725  0.0 0.0
28796 28807 28799 28801 -120.0 2.5
28819 28822 28824 28826  0.0 0.0
28826 28829 28831 28833  0.0 0.0
28833 28836 28838 28840  0.0 0.0
28840 28843 28845 28847  0.0 0.0
28921 28932 28924 28926 -120.0 2.5
28944 28947 28949 28951  0.0 0.0
28951 28954 28956 28958  0.0 0.0
28958 28961 28963 28965  0.0 0.0
28965 28968 28970 28972  0.0 0.0
29055 29066 29058 29060 -120.0 2.5
29078 29081 29083 29085  0.0 0.0
29085 29088 29090 29092  0.0 0.0
29092 29095 29097 29099  0.0 0.0
29099 29102 29104 29106  0.0 0.0
29180 29191 29183 29185 -120.0 2.5
29203 29206 29208 29210  0.0 0.0
29210 29213 29215 29217  0.0 0.0
29217 29220 29222 29224  0.0 0.0
29224 29227 29229 29231  0.0 0.0
29321 29314 29319 29317  120.0 2.5
29325 29323 29321 29319 -120.0 2.5
29321 29325 29327 29329  180.0 0.0
29447 29458 29450 29452 -120.0 2.5
29470 29473 29475 29477  0.0 0.0
29477 29480 29482 29484  0.0 0.0
29484 29487 29489 29491  0.0 0.0
29491 29494 29496 29498  0.0 0.0
29581 29592 29584 29586 -120.0 2.5
29616 29619 29621 29623  0.0 0.0
29722 29715 29720 29718  120.0 2.5
29726 29724 29722 29720 -120.0 2.5
29722 29726 29728 29730  180.0 0.0
29842 29853 29845 29847 -120.0 2.5
29877 29880 29882 29884  0.0 0.0
29983 29976 29981 29979  120.0 2.5
29987 29985 29983 29981 -120.0 2.5
29983 29987 29989 29991  180.0 0.0
30110 30103 30108 30106  120.0 2.5
30114 30112 30110 30108 -120.0 2.5
30110 30114 30116 30118  180.0 0.0
30230 30241 30233 30235 -120.0 2.5
30265 30268 30270 30272  0.0 0.0
30355 30366 30358 30360 -120.0 2.5
30378 30381 30383 30385  0.0 0.0
30385 30388 30390 30392  0.0 0.0
30392 30395 30397 30399  0.0 0.0
30399 30402 30404 30406  0.0 0.0
30489 30500 30492 30494 -120.0 2.5
30509 30512 30514 30516  0.0 0.0
30516 30519 30521 30523  0.0 0.0
30523 30526 30528 30530  0.0 0.0
30530 30533 30535 30537  0.0 0.0
30537 30540 30542 30544  0.0 0.0
30544 30547 30549 30551  0.0 0.0
30622 30633 30625 30627 -120.0 2.5
30645 30648 30650 30652  0.0 0.0
30652 30655 30657 30659  0.0 0.0
30659 30662 30664 30666  0.0 0.0
30666 30669 30671 30673  0.0 0.0
30747 30758 30750 30752 -120.0 2.5
30767 30770 30772 30774  0.0 0.0
30774 30777 30779 30781  0.0 0.0
30781 30784 30786 30788  0.0 0.0
30788 30791 30793 30795  0.0 0.0
30795 30798 30800 30802  0.0 0.0
30802 30805 30807 30809  0.0 0.0
30889 30900 30892 30894 -120.0 2.5
30912 30915 30917 30919  0.0 0.0
30919 30922 30924 30926  0.0 0.0
30926 30929 30931 30933  0.0 0.0
30933 30936 30938 30940  0.0 0.0
31023 31034 31026 31028 -120.0 2.5
31046 31049 31051 31053  0.0 0.0
31053 31056 31058 31060  0.0 0.0
31060 31063 31065 31067  0.0 0.0
31067 31070 31072 31074  0.0 0.0
31157 31168 31160 31162 -120.0 2.5
31192 31195 31197 31199  0.0 0.0
31239 31242 31244 31246  0.0 0.0
31295 31306 31298 31300 -120.0 2.5
31318 31321 31323 31325  0.0 0.0
31325 31328 31330 31332  0.0 0.0
31332 31335 31337 31339  0.0 0.0
31339 31342 31344 31346  0.0 0.0
31429 31440 31432 31434 -120.0 2.5
31452 31455 31457 31459  0.0 0.0
31459 31462 31464 31466  0.0 0.0
31466 31469 31471 31473  0.0 0.0
31473 31476 31478 31480  0.0 0.0
31563 31574 31566 31568 -120.0 2.5
31586 31589 31591 31593  0.0 0.0
31593 31596 31598 31600  0.0 0.0
31600 31603 31605 31607  0.0 0.0
31607 31610 31612 31614  0.0 0.0
31688 31699 31691 31693 -120.0 2.5
31708 31711 31713 31715  0.0 0.0
31715 31718 31720 31722  0.0 0.0
31722 31725 31727 31729  0.0 0.0
31729 31732 31734 31736  0.0 0.0
31736 31739 31741 31743  0.0 0.0
31743 31746 31748 31750  0.0 0.0
31830 31841 31833 31835 -120.0 2.5
31865 31868 31870 31872  0.0 0.0
31964 31975 31967 31969 -120.0 2.5
31999 32002 32004 32006  0.0 0.0
32098 32109 32101 32103 -120.0 2.5
32121 32124 32126 32128  0.0 0.0
32128 32131 32133 32135  0.0 0.0
32135 32138 32140 32142  0.0 0.0
32142 32145 32147 32149  0.0 0.0
32223 32234 32226 32228 -120.0 2.5
32258 32261 32263 32265  0.0 0.0
32357 32368 32360 32362 -120.0 2.5
32377 32380 32382 32384  0.0 0.0
32384 32387 32389 32391  0.0 0.0
32391 32394 32396 32398  0.0 0.0
32398 32401 32403 32405  0.0 0.0
32405 32408 32410 32412  0.0 0.0
32412 32415 32417 32419  0.0 0.0
32506 32499 32504 32502  120.0 2.5
32510 32508 32506 32504 -120.0 2.5
32506 32510 32512 32514  180.0 0.0
32633 32626 32631 32629  120.0 2.5
32637 32635 32633 32631 -120.0 2.5
32633 32637 32639 32641  180.0 0.0
32766 32759 32764 32762  120.0 2.5
32770 32768 32766 32764 -120.0 2.5
32766 32770 32772 32774  180.0 0.0
32877 32888 32880 32882 -120.0 2.5
32900 32903 32905 32907  0.0 0.0
32907 32910 32912 32914  0.0 0.0
32914 32917 32919 32921  0.0 0.0
32921 32924 32926 32928  0.0 0.0
33002 33013 33005 33007 -120.0 2.5
33022 33025 33027 33029  0.0 0.0
33029 33032 33034 33036  0.0 0.0
33036 33039 33041 33043  0.0 0.0
33043 33046 33048 33050  0.0 0.0
33050 33053 33055 33057  0.0 0.0
33057 33060 33062 33064  0.0 0.0
33151 33144 33149 33147  120.0 2.5
33155 33153 33151 33149 -120.0 2.5
33151 33155 33157 33159  180.0 0.0
33271 33282 33274 33276 -120.0 2.5
33306 33309 33311 33313  0.0 0.0
33353 33356 33358 33360  0.0 0.0
33409 33420 33412 33414 -120.0 2.5
33444 33447 33449 33451  0.0 0.0
33491 33494 33496 33498  0.0 0.0
33554 33547 33552 33550  120.0 2.5
33558 33556 33554 33552 -120.0 2.5
33554 33558 33560 33562  180.0 0.0
33687 33680 33685 33683  120.0 2.5
33691 33689 33687 33685 -120.0 2.5
33687 33691 33693 33695  180.0 0.0
33814 33807 33812 33810  120.0 2.5
33818 33816 33814 33812 -120.0 2.5
33814 33818 33820 33822  180.0 0.0
33934 33945 33937 33939 -120.0 2.5
33969 33972 33974 33976  0.0 0.0
34068 34079 34071 34073 -120.0 2.5
34103 34106 34108 34110  0.0 0.0
34209 34202 34207 34205  120.0 2.5
34213 34211 34209 34207 -120.0 2.5
34209 34213 34215 34217  180.0 0.0
34329 34340 34332 34334 -120.0 2.5
34352 34355 34357 34359  0.0 0.0
34359 34362 34364 34366  0.0 0.0
34366 34369 34371 34373  0.0 0.0
34373 34376 34378 34380  0.0 0.0
34454 34465 34457 34459 -120.0 2.5
34489 34492 34494 34496  0.0 0.0
34595 34588 34593 34591  120.0 2.5
34599 34597 34595 34593 -120.0 2.5
34595 34599 34601 34603  180.0 0.0
34706 34717 34709 34711 -120.0 2.5
34729 34732 34734 34736  0.0 0.0
34736 34739 34741 34743  0.0 0.0
34743 34746 34748 34750  0.0 0.0
34750 34753 34755 34757  0.0 0.0
34831 34842 34834 34836 -120.0 2.5
34851 34854 34856 34858  0.0 0.0
34858 34861 34863 34865  0.0 0.0
34865 34868 34870 34872  0.0 0.0
34872 34875 34877 34879  0.0 0.0
34879 34882 34884 34886  0.0 0.0
34886 34889 34891 34893  0.0 0.0
34964 34975 34967 34969 -120.0 2.5
34987 34990 34992 34994  0.0 0.0
34994 34997 34999 35001  0.0 0.0
35001 35004 35006 35008  0.0 0.0
35008 35011 35013 35015  0.0 0.0
35089 35100 35092 35094 -120.0 2.5
35124 35127 35129 35131  0.0 0.0
35230 35223 35228 35226  120.0 2.5
35234 35232 35230 35228 -120.0 2.5
35230 35234 35236 35238  180.0 0.0
35347 35358 35350 35352 -120.0 2.5
35370 35373 35375 35377  0.0 0.0
35377 35380 35382 35384  0.0 0.0
35384 35387 35389 35391  0.0 0.0
35391 35394 35396 35398  0.0 0.0
35481 35492 35484 35486 -120.0 2.5
35516 35519 35521 35523  0.0 0.0
35563 35566 35568 35570  0.0 0.0
35619 35630 35622 35624 -120.0 2.5
35654 35657 35659 35661  0.0 0.0
35701 35704 35706 35708  0.0 0.0
35748 35759 35751 35753 -120.0 2.5
35771 35774 35776 35778  0.0 0.0
35778 35781 35783 35785  0.0 0.0
35785 35788 35790 35792  0.0 0.0
35792 35795 35797 35799  0.0 0.0
35882 35893 35885 35887 -120.0 2.5
35917 35920 35922 35924  0.0 0.0
35964 35967 35969 35971  0.0 0.0
36020 36031 36023 36025 -120.0 2.5
36043 36046 36048 36050  0.0 0.0
36050 36053 36055 36057  0.0 0.0
36057 36060 36062 36064  0.0 0.0
36064 36067 36069 36071  0.0 0.0
36154 36165 36157 36159 -120.0 2.5
36189 36192 36194 36196  0.0 0.0
36279 36290 36282 36284 -120.0 2.5
36299 36302 36304 36306  0.0 0.0
36306 36309 36311 36313  0.0 0.0
36313 36316 36318 36320  0.0 0.0
36320 36323 36325 36327  0.0 0.0
36327 36330 36332 36334  0.0 0.0
36334 36337 36339 36341  0.0 0.0
36428 36421 36426 36424  120.0 2.5
36432 36430 36428 36426 -120.0 2.5
36428 36432 36434 36436  180.0 0.0
36539 36550 36542 36544 -120.0 2.5
36559 36562 36564 36566  0.0 0.0
36566 36569 36571 36573  0.0 0.0
36573 36576 36578 36580  0.0 0.0
36580 36583 36585 36587  0.0 0.0
36587 36590 36592 36594  0.0 0.0
36594 36597 36599 36601  0.0 0.0
36681 36692 36684 36686 -120.0 2.5
36716 36719 36721 36723  0.0 0.0
36822 36815 36820 36818  120.0 2.5
36826 36824 36822 36820 -120.0 2.5
36822 36826 36828 36830  180.0 0.0
36942 36953 36945 36947 -120.0 2.5
36977 36980 36982 36984  0.0 0.0
37067 37078 37070 37072 -120.0 2.5
37087 37090 37092 37094  0.0 0.0
37094 37097 37099 37101  0.0 0.0
37101 37104 37106 37108  0.0 0.0
37108 37111 37113 37115  0.0 0.0
37115 37118 37120 37122  0.0 0.0
37122 37125 37127 37129  0.0 0.0
37200 37211 37203 37205 -120.0 2.5
37223 37226 37228 37230  0.0 0.0
37230 37233 37235 37237  0.0 0.0
37237 37240 37242 37244  0.0 0.0
37244 37247 37249 37251  0.0 0.0
37334 37345 37337 37339 -120.0 2.5
37357 37360 37362 37364  0.0 0.0
37364 37367 37369 37371  0.0 0.0
37371 37374 37376 37378  0.0 0.0
37378 37381 37383 37385  0.0 0.0
37468 37479 37471 37473 -120.0 2.5
37503 37506 37508 37510  0.0 0.0
37609 37602 37607 37605  120.0 2.5
37613 37611 37609 37607 -120.0 2.5
37609 37613 37615 37617  180.0 0.0
37726 37737 37729 37731 -120.0 2.5
37746 37749 37751 37753  0.0 0.0
37753 37756 37758 37760  0.0 0.0
37760 37763 37765 37767  0.0 0.0
37767 37770 37772 37774  0.0 0.0
37774 37777 37779 37781  0.0 0.0
37781 37784 37786 37788  0.0 0.0
37875 37868 37873 37871  120.0 2.5
37879 37877 37875 37873 -120.0 2.5
37875 37879 37881 37883  180.0 0.0
37986 37997 37989 37991 -120.0 2.5
38021 38024 38026 38028  0.0 0.0
38120 38131 38123 38125 -120.0 2.5
38155 38158 38160 38162  0.0 0.0
38261 38254 38259 38257  120.0 2.5
38265 38263 38261 38259 -120.0 2.5
38261 38265 38267 38269  180.0 0.0
38381 38392 38384 38386 -120.0 2.5
38416 38419 38421 38423  0.0 0.0
38515 38526 38518 38520 -120.0 2.5
38550 38553 38555 38557  0.0 0.0
38640 38651 38643 38645 -120.0 2.5
38660 38663 38665 38667  0.0 0.0
38667 38670 38672 38674  0.0 0.0
38674 38677 38679 38681  0.0 0.0
38681 38684 38686 38688  0.0 0.0
38688 38691 38693 38695  0.0 0.0
38695 38698 38700 38702  0.0 0.0
38773 38784 38776 38778 -120.0 2.5
38808 38811 38813 38815  0.0 0.0
38907 38918 38910 38912 -120.0 2.5
38942 38945 38947 38949  0.0 0.0
39048 39041 39046 39044  120.0 2.5
39052 39050 39048 39046 -120.0 2.5
39048 39052 39054 39056  180.0 0.0
39181 39174 39179 39177  120.0 2.5
39185 39183 39181 39179 -120.0 2.5
39181 39185 39187 39189  180.0 0.0
39292 39303 39295 39297 -120.0 2.5
39312 39315 39317 39319  0.0 0.0
39319 39322 39324 39326  0.0 0.0
39326 39329 39331 39333  0.0 0.0
39333 39336 39338 39340  0.0 0.0
39340 39343 39345 39347  0.0 0.0
39347 39350 39352 39354  0.0 0.0
39434 39445 39437 39439 -120.0 2.5
39469 39472 39474 39476  0.0 0.0
39575 39568 39573 39571  120.0 2.5
39579 39577 39575 39573 -120.0 2.5
39575 39579 39581 39583  180.0 0.0
39702 39695 39700 39698  120.0 2.5
39706 39704 39702 39700 -120.0 2.5
39702 39706 39708 39710  180.0 0.0
39822 39833 39825 39827 -120.0 2.5
39842 39845 39847 39849  0.0 0.0
39849 39852 39854 39856  0.0 0.0
39856 39859 39861 39863  0.0 0.0
39863 39866 39868 39870  0.0 0.0
39870 39873 39875 39877  0.0 0.0
39877 39880 39882 39884  0.0 0.0
39964 39975 39967 39969 -120.0 2.5
39999 40002 40004 40006  0.0 0.0
40098 40109 40101 40103 -120.0 2.5
40133 40136 40138 40140  0.0 0.0
40239 40232 40237 40235  120.0 2.5
40243 40241 40239 40237 -120.0 2.5
40239 40243 40245 40247  180.0 0.0
40356 40367 40359 40361 -120.0 2.5
40376 40379 40381 40383  0.0 0.0
40383 40386 40388 40390  0.0 0.0
40390 40393 40395 40397  0.0 0.0
40397 40400 40402 40404  0.0 0.0
40404 40407 40409 40411  0.0 0.0
40411 40414 40416 40418  0.0 0.0
40498 40509 40501 40503 -120.0 2.5
40521 40524 40526 40528  0.0 0.0
40528 40531 40533 40535  0.0 0.0
40535 40538 40540 40542  0.0 0.0
40542 40545 40547 40549  0.0 0.0
40632 40643 40635 40637 -120.0 2.5
40652 40655 40657 40659  0.0 0.0
40659 40662 40664 40666  0.0 0.0
40666 40669 40671 40673  0.0 0.0
40673 40676 40678 40680  0.0 0.0
40680 40683 40685 40687  0.0 0.0
40687 40690 40692 40694  0.0 0.0
40774 40785 40777 40779 -120.0 2.5
40809 40812 40814 40816  0.0 0.0
40899 40910 40902 40904 -120.0 2.5
40919 40922 40924 40926  0.0 0.0
40926 40929 40931 40933  0.0 0.0
40933 40936 40938 40940  0.0 0.0
40940 40943 40945 40947  0.0 0.0
40947 40950 40952 40954  0.0 0.0
40954 40957 40959 40961  0.0 0.0
41041 41052 41044 41046 -120.0 2.5
41064 41067 41069 41071  0.0 0.0
41071 41074 41076 41078  0.0 0.0
41078 41081 41083 41085  0.0 0.0
41085 41088 41090 41092  0.0 0.0
41175 41186 41178 41180 -120.0 2.5
41195 41198 41200 41202  0.0 0.0
41202 41205 41207 41209  0.0 0.0
41209 41212 41214 41216  0.0 0.0
41216 41219 41221 41223  0.0 0.0
41223 41226 41228 41230  0.0 0.0
41230 41233 41235 41237  0.0 0.0
41308 41319 41311 41313 -120.0 2.5
41328 41331 41333 41335  0.0 0.0
41335 41338 41340 41342  0.0 0.0
41342 41345 41347 41349  0.0 0.0
41349 41352 41354 41356  0.0 0.0
41356 41359 41361 41363  0.0 0.0
41363 41366 41368 41370  0.0 0.0
41450 41461 41453 41455 -120.0 2.5
41485 41488 41490 41492  0.0 0.0
41575 41586 41578 41580 -120.0 2.5
41595 41598 41600 41602  0.0 0.0
41602 41605 41607 41609  0.0 0.0
41609 41612 41614 41616  0.0 0.0
41616 41619 41621 41623  0.0 0.0
41623 41626 41628 41630  0.0 0.0
41630 41633 41635 41637  0.0 0.0
41708 41719 41711 41713 -120.0 2.5
41728 41731 41733 41735  0.0 0.0
41735 41738 41740 41742  0.0 0.0
41742 41745 41747 41749  0.0 0.0
41749 41752 41754 41756  0.0 0.0
41756 41759 41761 41763  0.0 0.0
41763 41766 41768 41770  0.0 0.0
41841 41852 41844 41846 -120.0 2.5
41861 41864 41866 41868  0.0 0.0
41868 41871 41873 41875  0.0 0.0
41875 41878 41880 41882  0.0 0.0
41882 41885 41887 41889  0.0 0.0
41889 41892 41894 41896  0.0 0.0
41896 41899 41901 41903  0.0 0.0
41983 41994 41986 41988 -120.0 2.5
42006 42009 42011 42013  0.0 0.0
42013 42016 42018 42020  0.0 0.0
42020 42023 42025 42027  0.0 0.0
42027 42030 42032 42034  0.0 0.0
42124 42117 42122 42120  120.0 2.5
42128 42126 42124 42122 -120.0 2.5
42124 42128 42130 42132  180.0 0.0
42235 42246 42238 42240 -120.0 2.5
42270 42273 42275 42277  0.0 0.0
42369 42380 42372 42374 -120.0 2.5
42404 42407 42409 42411  0.0 0.0
42503 42514 42506 42508 -120.0 2.5
42526 42529 42531 42533  0.0 0.0
42533 42536 42538 42540  0.0 0.0
42540 42543 42545 42547  0.0 0.0
42547 42550 42552 42554  0.0 0.0
42644 42637 42642 42640  120.0 2.5
42648 42646 42644 42642 -120.0 2.5
42644 42648 42650 42652  180.0 0.0
42770 42781 42773 42775 -120.0 2.5
42805 42808 42810 42812  0.0 0.0
42911 42904 42909 42907  120.0 2.5
42915 42913 42911 42909 -120.0 2.5
42911 42915 42917 42919  180.0 0.0
43031 43042 43034 43036 -120.0 2.5
43066 43069 43071 43073  0.0 0.0
43172 43165 43170 43168  120.0 2.5
43176 43174 43172 43170 -120.0 2.5
43172 43176 43178 43180  180.0 0.0
43299 43292 43297 43295  120.0 2.5
43303 43301 43299 43297 -120.0 2.5
43299 43303 43305 43307  180.0 0.0
43432 43425 43430 43428  120.0 2.5
43436 43434 43432 43430 -120.0 2.5
43432 43436 43438 43440  180.0 0.0
43552 43563 43555 43557 -120.0 2.5
43572 43575 43577 43579  0.0 0.0
43579 43582 43584 43586  0.0 0.0
43586 43589 43591 43593  0.0 0.0
43593 43596 43598 43600  0.0 0.0
43600 43603 43605 43607  0.0 0.0
43607 43610 43612 43614  0.0 0.0
54104 54110 54108 54113 -120.0 2.5
54121 54132 54124 54126 -120.0 2.5
54144 54147 54149 54151  0.0 0.0
54151 54154 54156 54158  0.0 0.0
54158 54161 54163 54165  0.0 0.0
54165 54168 54170 54172  0.0 0.0
54246 54257 54249 54251 -120.0 2.5
54269 54272 54274 54276  0.0 0.0
54276 54279 54281 54283  0.0 0.0
54283 54286 54288 54290  0.0 0.0
54290 54293 54295 54297  0.0 0.0
54356 54376 54372 54368  60.0 2.5
54376 54372 54368 54364 -60.0 2.5
54372 54368 54364 54360  60.0 2.5
54368 54364 54360 54356 -60.0 2.5
54364 54360 54356 54376  60.0 2.5
54360 54356 54376 54372 -60.0 2.5
54383 54394 54386 54388 -120.0 2.5
54406 54409 54411 54413  0.0 0.0
54413 54416 54418 54420  0.0 0.0
54420 54423 54425 54427  0.0 0.0
54427 54430 54432 54434  0.0 0.0
54514 54525 54517 54519 -120.0 2.5
54534 54537 54539 54541  0.0 0.0
54541 54544 54546 54548  0.0 0.0
54548 54551 54553 54555  0.0 0.0
54555 54558 54560 54562  0.0 0.0
54562 54565 54567 54569  0.0 0.0
54569 54572 54574 54576  0.0 0.0
54632 54638 54636 54641 -120.0 2.5
54649 54660 54652 54654 -120.0 2.5
54669 54672 54674 54676  0.0 0.0
54676 54679 54681 54683  0.0 0.0
54683 54686 54688 54690  0.0 0.0
54690 54693 54695 54697  0.0 0.0
54697 54700 54702 54704  0.0 0.0
54704 54707 54709 54711  0.0 0.0
54782 54793 54785 54787 -120.0 2.5
54802 54805 54807 54809  0.0 0.0
54809 54812 54814 54816  0.0 0.0
54816 54819 54821 54823  0.0 0.0
54823 54826 54828 54830  0.0 0.0
54830 54833 54835 54837  0.0 0.0
54837 54840 54842 54844  0.0 0.0
54915 54926 54918 54920 -120.0 2.5
54935 54938 54940 54942  0.0 0.0
54942 54945 54947 54949  0.0 0.0
54949 54952 54954 54956  0.0 0.0
54956 54959 54961 54963  0.0 0.0
54963 54966 54968 54970  0.0 0.0
54970 54973 54975 54977  0.0 0.0
55057 55068 55060 55062 -120.0 2.5
55092 55095 55097 55099  0.0 0.0
55167 55173 55171 55176 -120.0 2.5
55184 55195 55187 55189 -120.0 2.5
55204 55207 55209 55211  0.0 0.0
55211 55214 55216 55218  0.0 0.0
55218 55221 55223 55225  0.0 0.0
55225 55228 55230 55232  0.0 0.0
55232 55235 55237 55239  0.0 0.0
55239 55242 55244 55246  0.0 0.0
55302 55322 55318 55314  60.0 2.5
55322 55318 55314 55310 -60.0 2.5
55318 55314 55310 55306  60.0 2.5
55314 55310 55306 55302 -60.0 2.5
55310 55306 55302 55322  60.0 2.5
55306 55302 55322 55318 -60.0 2.5
55329 55340 55332 55334 -120.0 2.5
55352 55355 55357 55359  0.0 0.0
55359 55362 55364 55366  0.0 0.0
55366 55369 55371 55373  0.0 0.0
55373 55376 55378 55380  0.0 0.0
55460 55471 55463 55465 -120.0 2.5
55480 55483 55485 55487  0.0 0.0
55487 55490 55492 55494  0.0 0.0
55494 55497 55499 55501  0.0 0.0
55501 55504 55506 55508  0.0 0.0
55508 55511 55513 55515  0.0 0.0
55515 55518 55520 55522  0.0 0.0
55593 55604 55596 55598 -120.0 2.5
55616 55619 55621 55623  0.0 0.0
55623 55626 55628 55630  0.0 0.0
55630 55633 55635 55637  0.0 0.0
55637 55640 55642 55644  0.0 0.0
55718 55729 55721 55723 -120.0 2.5
55741 55744 55746 55748  0.0 0.0
55748 55751 55753 55755  0.0 0.0
55755 55758 55760 55762  0.0 0.0
55762 55765 55767 55769  0.0 0.0
55843 55854 55846 55848 -120.0 2.5
55866 55869 55871 55873  0.0 0.0
55873 55876 55878 55880  0.0 0.0
55880 55883 55885 55887  0.0 0.0
55887 55890 55892 55894  0.0 0.0
55984 55977 55982 55980  120.0 2.5
55988 55986 55984 55982 -120.0 2.5
55984 55988 55990 55992  180.0 0.0
56080 56086 56084 56089 -120.0 2.5
56097 56108 56100 56102 -120.0 2.5
56120 56123 56125 56127  0.0 0.0
56127 56130 56132 56134  0.0 0.0
56134 56137 56139 56141  0.0 0.0
56141 56144 56146 56148  0.0 0.0
56207 56213 56211 56216  120.0 2.5
56224 56235 56227 56229 -120.0 2.5
56259 56262 56264 56266  0.0 0.0
56334 56340 56338 56343 -120.0 2.5
56351 56362 56354 56356 -120.0 2.5
56371 56374 56376 56378  0.0 0.0
56378 56381 56383 56385  0.0 0.0
56385 56388 56390 56392  0.0 0.0
56392 56395 56397 56399  0.0 0.0
56399 56402 56404 56406  0.0 0.0
56406 56409 56411 56413  0.0 0.0
56484 56495 56487 56489 -120.0 2.5
56504 56507 56509 56511  0.0 0.0
56511 56514 56516 56518  0.0 0.0
56518 56521 56523 56525  0.0 0.0
56525 56528 56530 56532  0.0 0.0
56532 56535 56537 56539  0.0 0.0
56539 56542 56544 56546  0.0 0.0
56617 56628 56620 56622 -120.0 2.5
56637 56640 56642 56644  0.0 0.0
56644 56647 56649 56651  0.0 0.0
56651 56654 56656 56658  0.0 0.0
56658 56661 56663 56665  0.0 0.0
56665 56668 56670 56672  0.0 0.0
56672 56675 56677 56679  0.0 0.0
56735 56741 56739 56744 -120.0 2.5
56752 56763 56755 56757 -120.0 2.5
56775 56778 56780 56782  0.0 0.0
56782 56785 56787 56789  0.0 0.0
56789 56792 56794 56796  0.0 0.0
56796 56799 56801 56803  0.0 0.0
56886 56897 56889 56891 -120.0 2.5
56921 56924 56926 56928  0.0 0.0
56996 57002 57000 57005  120.0 2.5
57013 57024 57016 57018 -120.0 2.5
57048 57051 57053 57055  0.0 0.0
57138 57149 57141 57143 -120.0 2.5
57158 57161 57163 57165  0.0 0.0
57165 57168 57170 57172  0.0 0.0
57172 57175 57177 57179  0.0 0.0
57179 57182 57184 57186  0.0 0.0
57186 57189 57191 57193  0.0 0.0
57193 57196 57198 57200  0.0 0.0
57280 57291 57283 57285 -120.0 2.5
57315 57318 57320 57322  0.0 0.0
57414 57425 57417 57419 -120.0 2.5
57437 57440 57442 57444  0.0 0.0
57444 57447 57449 57451  0.0 0.0
57451 57454 57456 57458  0.0 0.0
57458 57461 57463 57465  0.0 0.0
57555 57548 57553 57551  120.0 2.5
57559 57557 57555 57553 -120.0 2.5
57555 57559 57561 57563  180.0 0.0
57651 57657 57655 57660 -120.0 2.5
57668 57679 57671 57673 -120.0 2.5
57691 57694 57696 57698  0.0 0.0
57698 57701 57703 57705  0.0 0.0
57705 57708 57710 57712  0.0 0.0
57712 57715 57717 57719  0.0 0.0
57793 57804 57796 57798 -120.0 2.5
57813 57816 57818 57820  0.0 0.0
57820 57823 57825 57827  0.0 0.0
57827 57830 57832 57834  0.0 0.0
57834 57837 57839 57841  0.0 0.0
57841 57844 57846 57848  0.0 0.0
57848 57851 57853 57855  0.0 0.0
57926 57937 57929 57931 -120.0 2.5
57949 57952 57954 57956  0.0 0.0
57956 57959 57961 57963  0.0 0.0
57963 57966 57968 57970  0.0 0.0
57970 57973 57975 57977  0.0 0.0
58036 58056 58052 58048  60.0 2.5
58056 58052 58048 58044 -60.0 2.5
58052 58048 58044 58040  60.0 2.5
58048 58044 58040 58036 -60.0 2.5
58044 58040 58036 58056  60.0 2.5
58040 58036 58056 58052 -60.0 2.5
58063 58074 58066 58068 -120.0 2.5
58098 58101 58103 58105  0.0 0.0
58173 58179 58177 58182  120.0 2.5
58190 58201 58193 58195 -120.0 2.5
58225 58228 58230 58232  0.0 0.0
58315 58326 58318 58320 -120.0 2.5
58338 58341 58343 58345  0.0 0.0
58345 58348 58350 58352  0.0 0.0
58352 58355 58357 58359  0.0 0.0
58359 58362 58364 58366  0.0 0.0
58449 58460 58452 58454 -120.0 2.5
58472 58475 58477 58479  0.0 0.0
58479 58482 58484 58486  0.0 0.0
58486 58489 58491 58493  0.0 0.0
58493 58496 58498 58500  0.0 0.0
58574 58585 58577 58579 -120.0 2.5
58594 58597 58599 58601  0.0 0.0
58601 58604 58606 58608  0.0 0.0
58608 58611 58613 58615  0.0 0.0
58615 58618 58620 58622  0.0 0.0
58622 58625 58627 58629  0.0 0.0
58629 58632 58634 58636  0.0 0.0
58692 58698 58696 58701 -120.0 2.5
58709 58720 58712 58714 -120.0 2.5
58732 58735 58737 58739  0.0 0.0
58739 58742 58744 58746  0.0 0.0
58746 58749 58751 58753  0.0 0.0
58753 58756 58758 58760  0.0 0.0
58843 58854 58846 58848 -120.0 2.5
58863 58866 58868 58870  0.0 0.0
58870 58873 58875 58877  0.0 0.0
58877 58880 58882 58884  0.0 0.0
58884 58887 58889 58891  0.0 0.0
58891 58894 58896 58898  0.0 0.0
58898 58901 58903 58905  0.0 0.0
58985 58996 58988 58990 -120.0 2.5
59020 59023 59025 59027  0.0 0.0
59095 59101 59099 59104  120.0 2.5
59112 59123 59115 59117 -120.0 2.5
59147 59150 59152 59154  0.0 0.0
59246 59257 59249 59251 -120.0 2.5
59281 59284 59286 59288  0.0 0.0
59380 59391 59383 59385 -120.0 2.5
59415 59418 59420 59422  0.0 0.0
59521 59514 59519 59517  120.0 2.5
59525 59523 59521 59519 -120.0 2.5
59521 59525 59527 59529  180.0 0.0
59632 59643 59635 59637 -120.0 2.5
59667 59670 59672 59674  0.0 0.0
59742 59748 59746 59751 -120.0 2.5
59759 59770 59762 59764 -120.0 2.5
59782 59785 59787 59789  0.0 0.0
59789 59792 59794 59796  0.0 0.0
59796 59799 59801 59803  0.0 0.0
59803 59806 59808 59810  0.0 0.0
59884 59895 59887 59889 -120.0 2.5
59919 59922 59924 59926  0.0 0.0
60025 60018 60023 60021  120.0 2.5
60029 60027 60025 60023 -120.0 2.5
60025 60029 60031 60033  180.0 0.0
60127 60133 60131 60136  120.0 2.5
60144 60155 60147 60149 -120.0 2.5
60179 60182 60184 60186  0.0 0.0
60269 60280 60272 60274 -120.0 2.5
60289 60292 60294 60296  0.0 0.0
60296 60299 60301 60303  0.0 0.0
60303 60306 60308 60310  0.0 0.0
60310 60313 60315 60317  0.0 0.0
60317 60320 60322 60324  0.0 0.0
60324 60327 60329 60331  0.0 0.0
60387 60407 60403 60399  60.0 2.5
60407 60403 60399 60395 -60.0 2.5
60403 60399 60395 60391  60.0 2.5
60399 60395 60391 60387 -60.0 2.5
60395 60391 60387 60407  60.0 2.5
60391 60387 60407 60403 -60.0 2.5
60414 60425 60417 60419 -120.0 2.5
60449 60452 60454 60456  0.0 0.0
60524 60544 60540 60536  60.0 2.5
60544 60540 60536 60532 -60.0 2.5
60540 60536 60532 60528  60.0 2.5
60536 60532 60528 60524 -60.0 2.5
60532 60528 60524 60544  60.0 2.5
60528 60524 60544 60540 -60.0 2.5
60551 60562 60554 60556 -120.0 2.5
60586 60589 60591 60593  0.0 0.0
60661 60681 60677 60673  60.0 2.5
60681 60677 60673 60669 -60.0 2.5
60677 60673 60669 60665  60.0 2.5
60673 60669 60665 60661 -60.0 2.5
60669 60665 60661 60681  60.0 2.5
60665 60661 60681 60677 -60.0 2.5
60688 60699 60691 60693 -120.0 2.5
60723 60726 60728 60730  0.0 0.0
60798 60818 60814 60810  60.0 2.5
60818 60814 60810 60806 -60.0 2.5
60814 60810 60806 60802  60.0 2.5
60810 60806 60802 60798 -60.0 2.5
60806 60802 60798 60818  60.0 2.5
60802 60798 60818 60814 -60.0 2.5
60825 60836 60828 60830 -120.0 2.5
60860 60863 60865 60867  0.0 0.0
60935 60955 60951 60947  60.0 2.5
60955 60951 60947 60943 -60.0 2.5
60951 60947 60943 60939  60.0 2.5
60947 60943 60939 60935 -60.0 2.5
60943 60939 60935 60955  60.0 2.5
60939 60935 60955 60951 -60.0 2.5
60962 60973 60965 60967 -120.0 2.5
60997 61000 61002 61004  0.0 0.0
61072 61078 61076 61081 -120.0 2.5
61089 61100 61092 61094 -120.0 2.5
61109 61112 61114 61116  0.0 0.0
61116 61119 61121 61123  0.0 0.0
61123 61126 61128 61130  0.0 0.0
61130 61133 61135 61137  0.0 0.0
61137 61140 61142 61144  0.0 0.0
61144 61147 61149 61151  0.0 0.0
61207 61227 61223 61219  60.0 2.5
61227 61223 61219 61215 -60.0 2.5
61223 61219 61215 61211  60.0 2.5
61219 61215 61211 61207 -60.0 2.5
61215 61211 61207 61227  60.0 2.5
61211 61207 61227 61223 -60.0 2.5
61234 61245 61237 61239 -120.0 2.5
61257 61260 61262 61264  0.0 0.0
61264 61267 61269 61271  0.0 0.0
61271 61274 61276 61278  0.0 0.0
61278 61281 61283 61285  0.0 0.0
61350 61370 61366 61362  60.0 2.5
61370 61366 61362 61358 -60.0 2.5
61366 61362 61358 61354  60.0 2.5
61362 61358 61354 61350 -60.0 2.5
61358 61354 61350 61370  60.0 2.5
61354 61350 61370 61366 -60.0 2.5
61377 61388 61380 61382 -120.0 2.5
61400 61403 61405 61407  0.0 0.0
61407 61410 61412 61414  0.0 0.0
61414 61417 61419 61421  0.0 0.0
61421 61424 61426 61428  0.0 0.0
61493 61513 61509 61505  60.0 2.5
61513 61509 61505 61501 -60.0 2.5
61509 61505 61501 61497  60.0 2.5
61505 61501 61497 61493 -60.0 2.5
61501 61497 61493 61513  60.0 2.5
61497 61493 61513 61509 -60.0 2.5
61520 61531 61523 61525 -120.0 2.5
61543 61546 61548 61550  0.0 0.0
61550 61553 61555 61557  0.0 0.0
61557 61560 61562 61564  0.0 0.0
61564 61567 61569 61571  0.0 0.0
61636 61656 61652 61648  60.0 2.5
61656 61652 61648 61644 -60.0 2.5
61652 61648 61644 61640  60.0 2.5
61648 61644 61640 61636 -60.0 2.5
61644 61640 61636 61656  60.0 2.5
61640 61636 61656 61652 -60.0 2.5
61663 61674 61666 61668 -120.0 2.5
61686 61689 61691 61693  0.0 0.0
61693 61696 61698 61700  0.0 0.0
61700 61703 61705 61707  0.0 0.0
61707 61710 61712 61714  0.0 0.0
61794 61805 61797 61799 -120.0 2.5
61814 61817 61819 61821  0.0 0.0
61821 61824 61826 61828  0.0 0.0
61828 61831 61833 61835  0.0 0.0
61835 61838 61840 61842  0.0 0.0
61842 61845 61847 61849  0.0 0.0
61849 61852 61854 61856  0.0 0.0
61912 61932 61928 61924  60.0 2.5
61932 61928 61924 61920 -60.0 2.5
61928 61924 61920 61916  60.0 2.5
61924 61920 61916 61912 -60.0 2.5
61920 61916 61912 61932  60.0 2.5
61916 61912 61932 61928 -60.0 2.5
61939 61950 61942 61944 -120.0 2.5
61962 61965 61967 61969  0.0 0.0
61969 61972 61974 61976  0.0 0.0
61976 61979 61981 61983  0.0 0.0
61983 61986 61988 61990  0.0 0.0
62055 62061 62059 62064  120.0 2.5
62072 62083 62075 62077 -120.0 2.5
62107 62110 62112 62114  0.0 0.0
62182 62202 62198 62194  60.0 2.5
62202 62198 62194 62190 -60.0 2.5
62198 62194 62190 62186  60.0 2.5
62194 62190 62186 62182 -60.0 2.5
62190 62186 62182 62202  60.0 2.5
62186 62182 62202 62198 -60.0 2.5
62209 62220 62212 62214 -120.0 2.5
62232 62235 62237 62239  0.0 0.0
62239 62242 62244 62246  0.0 0.0
62246 62249 62251 62253  0.0 0.0
62253 62256 62258 62260  0.0 0.0
62325 62345 62341 62337  60.0 2.5
62345 62341 62337 62333 -60.0 2.5
62341 62337 62333 62329  60.0 2.5
62337 62333 62329 62325 -60.0 2.5
62333 62329 62325 62345  60.0 2.5
62329 62325 62345 62341 -60.0 2.5
62352 62363 62355 62357 -120.0 2.5
62375 62378 62380 62382  0.0 0.0
62382 62385 62387 62389  0.0 0.0
62389 62392 62394 62396  0.0 0.0
62396 62399 62401 62403  0.0 0.0
62483 62494 62486 62488 -120.0 2.5
62506 62509 62511 62513  0.0 0.0
62513 62516 62518 62520  0.0 0.0
62520 62523 62525 62527  0.0 0.0
62527 62530 62532 62534  0.0 0.0
62608 62619 62611 62613 -120.0 2.5
62631 62634 62636 62638  0.0 0.0
62638 62641 62643 62645  0.0 0.0
62645 62648 62650 62652  0.0 0.0
62652 62655 62657 62659  0.0 0.0
62733 62744 62736 62738 -120.0 2.5
62768 62771 62773 62775  0.0 0.0
62858 62869 62861 62863 -120.0 2.5
62878 62881 62883 62885  0.0 0.0
62885 62888 62890 62892  0.0 0.0
62892 62895 62897 62899  0.0 0.0
62899 62902 62904 62906  0.0 0.0
62906 62909 62911 62913  0.0 0.0
62913 62916 62918 62920  0.0 0.0
62991 63002 62994 62996 -120.0 2.5
63014 63017 63019 63021  0.0 0.0
63021 63024 63026 63028  0.0 0.0
63028 63031 63033 63035  0.0 0.0
63035 63038 63040 63042  0.0 0.0
63116 63127 63119 63121 -120.0 2.5
63136 63139 63141 63143  0.0 0.0
63143 63146 63148 63150  0.0 0.0
63150 63153 63155 63157  0.0 0.0
63157 63160 63162 63164  0.0 0.0
63164 63167 63169 63171  0.0 0.0
63171 63174 63176 63178  0.0 0.0
63249 63260 63252 63254 -120.0 2.5
63272 63275 63277 63279  0.0 0.0
63279 63282 63284 63286  0.0 0.0
63286 63289 63291 63293  0.0 0.0
63293 63296 63298 63300  0.0 0.0
63383 63394 63386 63388 -120.0 2.5
63403 63406 63408 63410  0.0 0.0
63410 63413 63415 63417  0.0 0.0
63417 63420 63422 63424  0.0 0.0
63424 63427 63429 63431  0.0 0.0
63431 63434 63436 63438  0.0 0.0
63438 63441 63443 63445  0.0 0.0
63525 63536 63528 63530 -120.0 2.5
63548 63551 63553 63555  0.0 0.0
63555 63558 63560 63562  0.0 0.0
63562 63565 63567 63569  0.0 0.0
63569 63572 63574 63576  0.0 0.0
63666 63659 63664 63662  120.0 2.5
63670 63668 63666 63664 -120.0 2.5
63666 63670 63672 63674  180.0 0.0
63768 63774 63772 63777  120.0 2.5
63785 63796 63788 63790 -120.0 2.5
63820 63823 63825 63827  0.0 0.0
63919 63930 63922 63924 -120.0 2.5
63954 63957 63959 63961  0.0 0.0
64029 64035 64033 64038 -120.0 2.5
64046 64057 64049 64051 -120.0 2.5
64066 64069 64071 64073  0.0 0.0
64073 64076 64078 64080  0.0 0.0
64080 64083 64085 64087  0.0 0.0
64087 64090 64092 64094  0.0 0.0
64094 64097 64099 64101  0.0 0.0
64101 64104 64106 64108  0.0 0.0
64188 64199 64191 64193 -120.0 2.5
64223 64226 64228 64230  0.0 0.0
64322 64333 64325 64327 -120.0 2.5
64357 64360 64362 64364  0.0 0.0
64456 64467 64459 64461 -120.0 2.5
64491 64494 64496 64498  0.0 0.0
64566 64572 64570 64575 -120.0 2.5
64583 64594 64586 64588 -120.0 2.5
64603 64606 64608 64610  0.0 0.0
64610 64613 64615 64617  0.0 0.0
64617 64620 64622 64624  0.0 0.0
64624 64627 64629 64631  0.0 0.0
64631 64634 64636 64638  0.0 0.0
64638 64641 64643 64645  0.0 0.0
64716 64727 64719 64721 -120.0 2.5
64736 64739 64741 64743  0.0 0.0
64743 64746 64748 64750  0.0 0.0
64750 64753 64755 64757  0.0 0.0
64757 64760 64762 64764  0.0 0.0
64764 64767 64769 64771  0.0 0.0
64771 64774 64776 64778  0.0 0.0
64849 64860 64852 64854 -120.0 2.5
64869 64872 64874 64876  0.0 0.0
64876 64879 64881 64883  0.0 0.0
64883 64886 64888 64890  0.0 0.0
64890 64893 64895 64897  0.0 0.0
64897 64900 64902 64904  0.0 0.0
64904 64907 64909 64911  0.0 0.0
64982 64993 64985 64987 -120.0 2.5
65002 65005 65007 65009  0.0 0.0
65009 65012 65014 65016  0.0 0.0
65016 65019 65021 65023  0.0 0.0
65023 65026 65028 65030  0.0 0.0
65030 65033 65035 65037  0.0 0.0
65037 65040 65042 65044  0.0 0.0
65100 65106 65104 65109 -120.0 2.5
65117 65128 65120 65122 -120.0 2.5
65140 65143 65145 65147  0.0 0.0
65147 65150 65152 65154  0.0 0.0
65154 65157 65159 65161  0.0 0.0
65161 65164 65166 65168  0.0 0.0
65242 65253 65245 65247 -120.0 2.5
65262 65265 65267 65269  0.0 0.0
65269 65272 65274 65276  0.0 0.0
65276 65279 65281 65283  0.0 0.0
65283 65286 65288 65290  0.0 0.0
65290 65293 65295 65297  0.0 0.0
65297 65300 65302 65304  0.0 0.0
65360 65366 65364 65369 -120.0 2.5
65377 65388 65380 65382 -120.0 2.5
65397 65400 65402 65404  0.0 0.0
65404 65407 65409 65411  0.0 0.0
65411 65414 65416 65418  0.0 0.0
65418 65421 65423 65425  0.0 0.0
65425 65428 65430 65432  0.0 0.0
65432 65435 65437 65439  0.0 0.0
65519 65530 65522 65524 -120.0 2.5
65554 65557 65559 65561  0.0 0.0
65644 65655 65647 65649 -120.0 2.5
65664 65667 65669 65671  0.0 0.0
65671 65674 65676 65678  0.0 0.0
65678 65681 65683 65685  0.0 0.0
65685 65688 65690 65692  0.0 0.0
65692 65695 65697 65699  0.0 0.0
65699 65702 65704 65706  0.0 0.0
65777 65788 65780 65782 -120.0 2.5
65812 65815 65817 65819  0.0 0.0
65911 65922 65914 65916 -120.0 2.5
65946 65949 65951 65953  0.0 0.0
65993 65996 65998 66000  0.0 0.0
66056 66049 66054 66052  120.0 2.5
66060 66058 66056 66054 -120.0 2.5
66056 66060 66062 66064  180.0 0.0
66158 66164 66162 66167 -120.0 2.5
66175 66186 66178 66180 -120.0 2.5
66195 66198 66200 66202  0.0 0.0
66202 66205 66207 66209  0.0 0.0
66209 66212 66214 66216  0.0 0.0
66216 66219 66221 66223  0.0 0.0
66223 66226 66228 66230  0.0 0.0
66230 66233 66235 66237  0.0 0.0
66308 66319 66311 66313 -120.0 2.5
66331 66334 66336 66338  0.0 0.0
66338 66341 66343 66345  0.0 0.0
66345 66348 66350 66352  0.0 0.0
66352 66355 66357 66359  0.0 0.0
66433 66444 66436 66438 -120.0 2.5
66456 66459 66461 66463  0.0 0.0
66463 66466 66468 66470  0.0 0.0
66470 66473 66475 66477  0.0 0.0
66477 66480 66482 66484  0.0 0.0
66558 66569 66561 66563 -120.0 2.5
66578 66581 66583 66585  0.0 0.0
66585 66588 66590 66592  0.0 0.0
66592 66595 66597 66599  0.0 0.0
66599 66602 66604 66606  0.0 0.0
66606 66609 66611 66613  0.0 0.0
66613 66616 66618 66620  0.0 0.0
66676 66682 66680 66685 -120.0 2.5
66693 66704 66696 66698 -120.0 2.5
66716 66719 66721 66723  0.0 0.0
66723 66726 66728 66730  0.0 0.0
66730 66733 66735 66737  0.0 0.0
66737 66740 66742 66744  0.0 0.0
66803 66809 66807 66812 -120.0 2.5
66820 66831 66823 66825 -120.0 2.5
66843 66846 66848 66850  0.0 0.0
66850 66853 66855 66857  0.0 0.0
66857 66860 66862 66864  0.0 0.0
66864 66867 66869 66871  0.0 0.0
66954 66965 66957 66959 -120.0 2.5
66989 66992 66994 66996  0.0 0.0
67088 67099 67091 67093 -120.0 2.5
67111 67114 67116 67118  0.0 0.0
67118 67121 67123 67125  0.0 0.0
67125 67128 67130 67132  0.0 0.0
67132 67135 67137 67139  0.0 0.0
67198 67204 67202 67207 -120.0 2.5
67215 67226 67218 67220 -120.0 2.5
67235 67238 67240 67242  0.0 0.0
67242 67245 67247 67249  0.0 0.0
67249 67252 67254 67256  0.0 0.0
67256 67259 67261 67263  0.0 0.0
67263 67266 67268 67270  0.0 0.0
67270 67273 67275 67277  0.0 0.0
67333 67339 67337 67342 -120.0 2.5
67350 67361 67353 67355 -120.0 2.5
67370 67373 67375 67377  0.0 0.0
67377 67380 67382 67384  0.0 0.0
67384 67387 67389 67391  0.0 0.0
67391 67394 67396 67398  0.0 0.0
67398 67401 67403 67405  0.0 0.0
67405 67408 67410 67412  0.0 0.0
67483 67494 67486 67488 -120.0 2.5
67503 67506 67508 67510  0.0 0.0
67510 67513 67515 67517  0.0 0.0
67517 67520 67522 67524  0.0 0.0
67524 67527 67529 67531  0.0 0.0
67531 67534 67536 67538  0.0 0.0
67538 67541 67543 67545  0.0 0.0
67601 67607 67605 67610 -120.0 2.5
67618 67629 67621 67623 -120.0 2.5
67638 67641 67643 67645  0.0 0.0
67645 67648 67650 67652  0.0 0.0
67652 67655 67657 67659  0.0 0.0
67659 67662 67664 67666  0.0 0.0
67666 67669 67671 67673  0.0 0.0
67673 67676 67678 67680  0.0 0.0
67751 67762 67754 67756 -120.0 2.5
67774 67777 67779 67781  0.0 0.0
67781 67784 67786 67788  0.0 0.0
67788 67791 67793 67795  0.0 0.0
67795 67798 67800 67802  0.0 0.0
67876 67887 67879 67881 -120.0 2.5
67899 67902 67904 67906  0.0 0.0
67906 67909 67911 67913  0.0 0.0
67913 67916 67918 67920  0.0 0.0
67920 67923 67925 67927  0.0 0.0
68001 68012 68004 68006 -120.0 2.5
68024 68027 68029 68031  0.0 0.0
68031 68034 68036 68038  0.0 0.0
68038 68041 68043 68045  0.0 0.0
68045 68048 68050 68052  0.0 0.0
68135 68146 68138 68140 -120.0 2.5
68170 68173 68175 68177  0.0 0.0
68260 68271 68263 68265 -120.0 2.5
68280 68283 68285 68287  0.0 0.0
68287 68290 68292 68294  0.0 0.0
68294 68297 68299 68301  0.0 0.0
68301 68304 68306 68308  0.0 0.0
68308 68311 68313 68315  0.0 0.0
68315 68318 68320 68322  0.0 0.0
68378 68384 68382 68387  120.0 2.5
68395 68406 68398 68400 -120.0 2.5
68430 68433 68435 68437  0.0 0.0
68536 68529 68534 68532  120.0 2.5
68540 68538 68536 68534 -120.0 2.5
68536 68540 68542 68544  180.0 0.0
68647 68658 68650 68652 -120.0 2.5
68667 68670 68672 68674  0.0 0.0
68674 68677 68679 68681  0.0 0.0
68681 68684 68686 68688  0.0 0.0
68688 68691 68693 68695  0.0 0.0
68695 68698 68700 68702  0.0 0.0
68702 68705 68707 68709  0.0 0.0
68780 68791 68783 68785 -120.0 2.5
68803 68806 68808 68810  0.0 0.0
68810 68813 68815 68817  0.0 0.0
68817 68820 68822 68824  0.0 0.0
68824 68827 68829 68831  0.0 0.0
68905 68916 68908 68910 -120.0 2.5
68940 68943 68945 68947  0.0 0.0
69015 69021 69019 69024 -120.0 2.5
69032 69043 69035 69037 -120.0 2.5
69052 69055 69057 69059  0.0 0.0
69059 69062 69064 69066  0.0 0.0
69066 69069 69071 69073  0.0 0.0
69073 69076 69078 69080  0.0 0.0
69080 69083 69085 69087  0.0 0.0
69087 69090 69092 69094  0.0 0.0
69174 69185 69177 69179 -120.0 2.5
69197 69200 69202 69204  0.0 0.0
69204 69207 69209 69211  0.0 0.0
69211 69214 69216 69218  0.0 0.0
69218 69221 69223 69225  0.0 0.0
69308 69319 69311 69313 -120.0 2.5
69328 69331 69333 69335  0.0 0.0
69335 69338 69340 69342  0.0 0.0
69342 69345 69347 69349  0.0 0.0
69349 69352 69354 69356  0.0 0.0
69356 69359 69361 69363  0.0 0.0
69363 69366 69368 69370  0.0 0.0
69441 69452 69444 69446 -120.0 2.5
69464 69467 69469 69471  0.0 0.0
69471 69474 69476 69478  0.0 0.0
69478 69481 69483 69485  0.0 0.0
69485 69488 69490 69492  0.0 0.0
69566 69577 69569 69571 -120.0 2.5
69601 69604 69606 69608  0.0 0.0
69691 69702 69694 69696 -120.0 2.5
69726 69729 69731 69733  0.0 0.0
69801 69807 69805 69810 -120.0 2.5
69818 69829 69821 69823 -120.0 2.5
69838 69841 69843 69845  0.0 0.0
69845 69848 69850 69852  0.0 0.0
69852 69855 69857 69859  0.0 0.0
69859 69862 69864 69866  0.0 0.0
69866 69869 69871 69873  0.0 0.0
69873 69876 69878 69880  0.0 0.0
69951 69962 69954 69956 -120.0 2.5
69974 69977 69979 69981  0.0 0.0
69981 69984 69986 69988  0.0 0.0
69988 69991 69993 69995  0.0 0.0
69995 69998 70000 70002  0.0 0.0
70085 70096 70088 70090 -120.0 2.5
70120 70123 70125 70127  0.0 0.0
70210 70221 70213 70215 -120.0 2.5
70230 70233 70235 70237  0.0 0.0
70237 70240 70242 70244  0.0 0.0
70244 70247 70249 70251  0.0 0.0
70251 70254 70256 70258  0.0 0.0
70258 70261 70263 70265  0.0 0.0
70265 70268 70270 70272  0.0 0.0
70343 70354 70346 70348 -120.0 2.5
70378 70381 70383 70385  0.0 0.0
70453 70459 70457 70462 -120.0 2.5
70470 70481 70473 70475 -120.0 2.5
70490 70493 70495 70497  0.0 0.0
70497 70500 70502 70504  0.0 0.0
70504 70507 70509 70511  0.0 0.0
70511 70514 70516 70518  0.0 0.0
70518 70521 70523 70525  0.0 0.0
70525 70528 70530 70532  0.0 0.0
70603 70614 70606 70608 -120.0 2.5
70626 70629 70631 70633  0.0 0.0
70633 70636 70638 70640  180.0 0.0
70640 70643 70645 70647  0.0 0.0
70647 70650 70652 70654  0.0 0.0
70737 70748 70740 70742 -120.0 2.5
70760 70763 70765 70767  0.0 0.0
70767 70770 70772 70774  0.0 0.0
70774 70777 70779 70781  0.0 0.0
70781 70784 70786 70788  0.0 0.0
70871 70882 70874 70876 -120.0 2.5
70906 70909 70911 70913  0.0 0.0
70953 70956 70958 70960  0.0 0.0
71000 71011 71003 71005 -120.0 2.5
71020 71023 71025 71027  0.0 0.0
71027 71030 71032 71034  0.0 0.0
71034 71037 71039 71041  0.0 0.0
71041 71044 71046 71048  0.0 0.0
71048 71051 71053 71055  0.0 0.0
71055 71058 71060 71062  0.0 0.0
71142 71153 71145 71147 -120.0 2.5
71165 71168 71170 71172  0.0 0.0
71172 71175 71177 71179  0.0 0.0
71179 71182 71184 71186  0.0 0.0
71186 71189 71191 71193  0.0 0.0
71283 71276 71281 71279  120.0 2.5
71287 71285 71283 71281 -120.0 2.5
71283 71287 71289 71291  180.0 0.0
71394 71405 71397 71399 -120.0 2.5
71414 71417 71419 71421  0.0 0.0
71421 71424 71426 71428  0.0 0.0
71428 71431 71433 71435  0.0 0.0
71435 71438 71440 71442  0.0 0.0
71442 71445 71447 71449  0.0 0.0
71449 71452 71454 71456  0.0 0.0
71512 71518 71516 71521  120.0 2.5
71529 71540 71532 71534 -120.0 2.5
71564 71567 71569 71571  0.0 0.0
71663 71674 71666 71668 -120.0 2.5
71698 71701 71703 71705  0.0 0.0
71788 71799 71791 71793 -120.0 2.5
71808 71811 71813 71815  0.0 0.0
71815 71818 71820 71822  0.0 0.0
71822 71825 71827 71829  0.0 0.0
71829 71832 71834 71836  0.0 0.0
71836 71839 71841 71843  0.0 0.0
71843 71846 71848 71850  0.0 0.0
71937 71930 71935 71933  120.0 2.5
71941 71939 71937 71935 -120.0 2.5
71937 71941 71943 71945  180.0 0.0
72057 72068 72060 72062 -120.0 2.5
72092 72095 72097 72099  0.0 0.0
72182 72193 72185 72187 -120.0 2.5
72205 72208 72210 72212  0.0 0.0
72212 72215 72217 72219  0.0 0.0
72219 72222 72224 72226  0.0 0.0
72226 72229 72231 72233  0.0 0.0
72307 72318 72310 72312 -120.0 2.5
72327 72330 72332 72334  0.0 0.0
72334 72337 72339 72341  0.0 0.0
72341 72344 72346 72348  0.0 0.0
72348 72351 72353 72355  0.0 0.0
72355 72358 72360 72362  0.0 0.0
72362 72365 72367 72369  0.0 0.0
72440 72451 72443 72445 -120.0 2.5
72460 72463 72465 72467  0.0 0.0
72467 72470 72472 72474  0.0 0.0
72474 72477 72479 72481  0.0 0.0
72481 72484 72486 72488  0.0 0.0
72488 72491 72493 72495  0.0 0.0
72495 72498 72500 72502  0.0 0.0
72573 72584 72576 72578 -120.0 2.5
72608 72611 72613 72615  0.0 0.0
72698 72709 72701 72703 -120.0 2.5
72721 72724 72726 72728  0.0 0.0
72728 72731 72733 72735  0.0 0.0
72735 72738 72740 72742  0.0 0.0
72742 72745 72747 72749  0.0 0.0
72823 72834 72826 72828 -120.0 2.5
72843 72846 72848 72850  0.0 0.0
72850 72853 72855 72857  0.0 0.0
72857 72860 72862 72864  0.0 0.0
72864 72867 72869 72871  0.0 0.0
72871 72874 72876 72878  0.0 0.0
72878 72881 72883 72885  0.0 0.0
72965 72976 72968 72970 -120.0 2.5
73000 73003 73005 73007  0.0 0.0
73047 73050 73052 73054  0.0 0.0
73103 73114 73106 73108 -120.0 2.5
73126 73129 73131 73133  0.0 0.0
73133 73136 73138 73140  0.0 0.0
73140 73143 73145 73147  0.0 0.0
73147 73150 73152 73154  0.0 0.0
73237 73248 73240 73242 -120.0 2.5
73272 73275 73277 73279  0.0 0.0
73362 73373 73365 73367 -120.0 2.5
73382 73385 73387 73389  0.0 0.0
73389 73392 73394 73396  0.0 0.0
73396 73399 73401 73403  0.0 0.0
73403 73406 73408 73410  0.0 0.0
73410 73413 73415 73417  0.0 0.0
73417 73420 73422 73424  0.0 0.0
73480 73486 73484 73489 -120.0 2.5
73497 73508 73500 73502 -120.0 2.5
73517 73520 73522 73524  0.0 0.0
73524 73527 73529 73531  0.0 0.0
73531 73534 73536 73538  0.0 0.0
73538 73541 73543 73545  0.0 0.0
73545 73548 73550 73552  0.0 0.0
73552 73555 73557 73559  0.0 0.0
73639 73650 73642 73644 -120.0 2.5
73674 73677 73679 73681  0.0 0.0
73764 73775 73767 73769 -120.0 2.5
73787 73790 73792 73794  0.0 0.0
73794 73797 73799 73801  0.0 0.0
73801 73804 73806 73808  0.0 0.0
73808 73811 73813 73815  0.0 0.0
73889 73900 73892 73894 -120.0 2.5
73909 73912 73914 73916  0.0 0.0
73916 73919 73921 73923  0.0 0.0
73923 73926 73928 73930  0.0 0.0
73930 73933 73935 73937  0.0 0.0
73937 73940 73942 73944  0.0 0.0
73944 73947 73949 73951  0.0 0.0
74022 74033 74025 74027 -120.0 2.5
74045 74048 74050 74052  0.0 0.0
74052 74055 74057 74059  0.0 0.0
74059 74062 74064 74066  0.0 0.0
74066 74069 74071 74073  0.0 0.0
74156 74167 74159 74161 -120.0 2.5
74179 74182 74184 74186  0.0 0.0
74186 74189 74191 74193  0.0 0.0
74193 74196 74198 74200  0.0 0.0
74200 74203 74205 74207  0.0 0.0
74281 74292 74284 74286 -120.0 2.5
74301 74304 74306 74308  0.0 0.0
74308 74311 74313 74315  0.0 0.0
74315 74318 74320 74322  0.0 0.0
74322 74325 74327 74329  0.0 0.0
74329 74332 74334 74336  0.0 0.0
74336 74339 74341 74343  0.0 0.0
74414 74425 74417 74419 -120.0 2.5
74434 74437 74439 74441  0.0 0.0
74441 74444 74446 74448  0.0 0.0
74448 74451 74453 74455  0.0 0.0
74455 74458 74460 74462  0.0 0.0
74462 74465 74467 74469  0.0 0.0
74469 74472 74474 74476  0.0 0.0
74547 74558 74550 74552 -120.0 2.5
74567 74570 74572 74574  0.0 0.0
74574 74577 74579 74581  0.0 0.0
74581 74584 74586 74588  0.0 0.0
74588 74591 74593 74595  0.0 0.0
74595 74598 74600 74602  0.0 0.0
74602 74605 74607 74609  0.0 0.0
74680 74691 74683 74685 -120.0 2.5
74700 74703 74705 74707  0.0 0.0
74707 74710 74712 74714  0.0 0.0
74714 74717 74719 74721  0.0 0.0
74721 74724 74726 74728  0.0 0.0
74728 74731 74733 74735  0.0 0.0
74735 74738 74740 74742  0.0 0.0
74813 74824 74816 74818 -120.0 2.5
74833 74836 74838 74840  0.0 0.0
74840 74843 74845 74847  0.0 0.0
74847 74850 74852 74854  0.0 0.0
74854 74857 74859 74861  0.0 0.0
74861 74864 74866 74868  0.0 0.0
74868 74871 74873 74875  0.0 0.0
74946 74957 74949 74951 -120.0 2.5
74969 74972 74974 74976  0.0 0.0
74976 74979 74981 74983  0.0 0.0
74983 74986 74988 74990  0.0 0.0
74990 74993 74995 74997  0.0 0.0
