14219
14345
14471
14597
14723
14849
14975
15101
15227
15353
15479
15605
15731
15857
15983
16109
16235
16361
16487
16613
16739
16865
16991
17117
17242
17316
17390
17464
17538
17612
17686
17760
17834
17908
17982
18056
18130
18204
18278
18352
18426
18500
18574
18648
18722
18796
18870
18944
19018
19092
19166
19240
19314
19388
19462
19536
19610
19684
19758
19832
19906
19980
20054
20128
20202
20276
20350
20424
20498
20572
20646
20720
20794
20868
20942
21016
21090
21164
21238
21312
21386
21460
21534
21608
21682
21756
21830
21904
21978
22052
22126
22200
22274
22348
22422
22496
22570
22644
22718
22792
22866
22940
23014
23088
23162
23236
23310
23384
23458
23532
23606
23680
23754
23828
23902
23976
24050
24124
24198
24272
24346
24420
24494
24568
24642
24716
24790
24864
24938
25012
25086
25160
25234
25308
25382
25456
25530
25604
25678
25752
25826
25900
25974
26048
26122
26196
26270
26344
26418
26492
26566
26640
26714
26788
26862
26936
27010
27084
27158
27232
27306
27380
27462
27596
27730
27864
27998
28132
28266
28400
28525
28658
28791
28916
29050
29175
29309
29442
29576
29710
29837
29971
30098
30225
30350
30484
30617
30742
30884
31018
31152
31290
31424
31558
31683
31825
31959
32093
32218
32352
32494
32621
32754
32872
32997
33139
33266
33404
33542
33675
33802
33929
34063
34197
34324
34449
34583
34701
34826
34959
35084
35218
35342
35476
35614
35743
35877
36015
36149
36274
36416
36534
36676
36810
36937
37062
37195
37329
37463
37597
37721
37863
37981
38115
38249
38376
38510
38635
38768
38902
39036
39169
39287
39429
39563
39690
39817
39959
40093
40227
40351
40493
40627
40769
40894
41036
41170
41303
41445
41570
41703
41836
41978
42112
42230
42364
42498
42632
42765
42899
43026
43160
43287
43420
43547
43672
43746
43820
43894
43968
44042
44116
44190
44264
44338
44412
44486
44560
44634
44708
44782
44856
44930
45004
45078
45152
45226
45300
45374
45448
45522
45596
45670
45744
45818
45892
45966
46040
46114
46188
46262
46336
46410
46484
46558
46632
46706
46780
46854
46928
47002
47076
47150
47224
47298
47372
47446
47520
47594
47668
47742
47816
47890
47964
48038
48112
48186
48260
48334
48408
48482
48556
48630
48704
48778
48852
48926
49000
49074
49148
49222
49296
49370
49444
49518
49592
49666
49740
49814
49888
49962
50036
50110
50184
50258
50332
50406
50480
50554
50628
50702
50776
50850
50924
50998
51072
51146
51220
51294
51368
51442
51516
51590
51664
51738
51812
51886
51960
52034
52108
52182
52256
52330
52404
52478
52552
52626
52700
52774
52848
52922
52996
53070
53144
53218
53292
53366
53440
53514
53588
53662
53736
53810
53884
53958
54032
54116
54241
54378
54509
54644
54777
54910
55052
55179
55324
55455
55588
55713
55838
55972
56092
56219
56346
56479
56612
56747
56881
57008
57133
57275
57409
57543
57663
57788
57921
58058
58185
58310
58444
58569
58704
58838
58980
59107
59241
59375
59509
59627
59754
59879
60013
60139
60264
60409
60546
60683
60820
60957
61084
61229
61372
61515
61658
61789
61934
62067
62204
62347
62478
62603
62728
62853
62986
63111
63244
63378
63520
63654
63780
63914
64041
64183
64317
64451
64578
64711
64844
64977
65112
65237
65372
65514
65639
65772
65906
66044
66170
66303
66428
66553
66688
66815
66949
67083
67210
67345
67478
67613
67746
67871
67996
68130
68255
68390
68524
68642
68775
68900
69027
69169
69303
69436
69561
69686
69813
69946
70080
70205
70338
70465
70598
70732
70866
70995
71137
71271
71389
71524
71658
71783
71925
72052
72177
72302
72435
72568
72693
72818
72960
73098
73232
73357
73492
73634
73759
73884
74017
74151
74276
74409
74542
74675
74808
74941
