Tail selection: 816 atoms, 17 names, 48 POPC

=== Exploring SCC output ===
type(scc.SCC): <class 'numpy.ndarray'>
shape: (48, 100)
dtype: float64
range: -0.1478 to 0.4794
NaN count: 0 / 4800
ndim: 2

First residue, all frames, all values:
[ 0.26576679  0.22792262  0.34351953  0.32045452  0.19757341  0.25648165
  0.24297614  0.0423416   0.10859169  0.23122986  0.24845974  0.26647038
  0.36244469  0.27488209  0.3331879   0.12372109  0.30089291  0.22773331
  0.13212621  0.2767014   0.21271356  0.20480834  0.03026244  0.03314732
  0.18630986  0.34956476  0.17331487  0.25894393  0.26465878  0.27693571
  0.27258446  0.31439644  0.39750994  0.23147723  0.38780302  0.39465239
  0.34541809  0.24961177  0.21077334  0.17807512  0.10533071  0.21039928
  0.048837    0.00868991  0.02923487  0.13089577  0.14706316 -0.0093158
  0.20326381  0.10398016  0.28108084  0.16213859  0.25787762  0.25924435
  0.19642483  0.19386968  0.35041658  0.32253054  0.13043084  0.15196889
  0.06598535  0.06782447  0.17020989  0.17569934  0.25011721  0.13015684
  0.11567776  0.26150506  0.18965185  0.06007667  0.07843703  0.13791753
  0.16119514  0.1025647   0.22848044  0.25241656  0.27162059  0.32157621
  0.34920864  0.24922532  0.3114769   0.28183904  0.36452778  0.39240969
  0.39128186  0.2651863   0.28269435  0.25956068  0.31356752  0.31959579
  0.27709478  0.29786059  0.27808443  0.36010918  0.27779955  0.18101608
  0.19873634  0.34268479  0.42015243  0.40823111]

scc.results attributes: ['clear', 'copy', 'data', 'fromkeys', 'get', 'items', 'keys', 'pop', 'popitem', 'setdefault', 'update', 'values']
