14664 14669 14667 14678  60.0 2.5
14669 14667 14678 14674 -60.0 2.5
14667 14678 14674 14670  60.0 2.5
14678 14674 14670 14664 -60.0 2.5
14674 14670 14664 14669  60.0 2.5
14670 14664 14669 14667 -60.0 2.5
14790 14795 14793 14804  60.0 2.5
14795 14793 14804 14800 -60.0 2.5
14793 14804 14800 14796  60.0 2.5
14804 14800 14796 14790 -60.0 2.5
14800 14796 14790 14795  60.0 2.5
14796 14790 14795 14793 -60.0 2.5
14916 14921 14919 14930  60.0 2.5
14921 14919 14930 14926 -60.0 2.5
14919 14930 14926 14922  60.0 2.5
14930 14926 14922 14916 -60.0 2.5
14926 14922 14916 14921  60.0 2.5
14922 14916 14921 14919 -60.0 2.5
15042 15047 15045 15056  60.0 2.5
15047 15045 15056 15052 -60.0 2.5
15045 15056 15052 15048  60.0 2.5
15056 15052 15048 15042 -60.0 2.5
15052 15048 15042 15047  60.0 2.5
15048 15042 15047 15045 -60.0 2.5
15168 15173 15171 15182  60.0 2.5
15173 15171 15182 15178 -60.0 2.5
15171 15182 15178 15174  60.0 2.5
15182 15178 15174 15168 -60.0 2.5
15178 15174 15168 15173  60.0 2.5
15174 15168 15173 15171 -60.0 2.5
15294 15299 15297 15308  60.0 2.5
15299 15297 15308 15304 -60.0 2.5
15297 15308 15304 15300  60.0 2.5
15308 15304 15300 15294 -60.0 2.5
15304 15300 15294 15299  60.0 2.5
15300 15294 15299 15297 -60.0 2.5
15420 15425 15423 15434  60.0 2.5
15425 15423 15434 15430 -60.0 2.5
15423 15434 15430 15426  60.0 2.5
15434 15430 15426 15420 -60.0 2.5
15430 15426 15420 15425  60.0 2.5
15426 15420 15425 15423 -60.0 2.5
15546 15551 15549 15560  60.0 2.5
15551 15549 15560 15556 -60.0 2.5
15549 15560 15556 15552  60.0 2.5
15560 15556 15552 15546 -60.0 2.5
15556 15552 15546 15551  60.0 2.5
15552 15546 15551 15549 -60.0 2.5
15672 15677 15675 15686  60.0 2.5
15677 15675 15686 15682 -60.0 2.5
15675 15686 15682 15678  60.0 2.5
15686 15682 15678 15672 -60.0 2.5
15682 15678 15672 15677  60.0 2.5
15678 15672 15677 15675 -60.0 2.5
15798 15803 15801 15812  60.0 2.5
15803 15801 15812 15808 -60.0 2.5
15801 15812 15808 15804  60.0 2.5
15812 15808 15804 15798 -60.0 2.5
15808 15804 15798 15803  60.0 2.5
15804 15798 15803 15801 -60.0 2.5
15924 15929 15927 15938  60.0 2.5
15929 15927 15938 15934 -60.0 2.5
15927 15938 15934 15930  60.0 2.5
15938 15934 15930 15924 -60.0 2.5
15934 15930 15924 15929  60.0 2.5
15930 15924 15929 15927 -60.0 2.5
16050 16055 16053 16064  60.0 2.5
16055 16053 16064 16060 -60.0 2.5
16053 16064 16060 16056  60.0 2.5
16064 16060 16056 16050 -60.0 2.5
16060 16056 16050 16055  60.0 2.5
16056 16050 16055 16053 -60.0 2.5
16176 16181 16179 16190  60.0 2.5
16181 16179 16190 16186 -60.0 2.5
16179 16190 16186 16182  60.0 2.5
16190 16186 16182 16176 -60.0 2.5
16186 16182 16176 16181  60.0 2.5
16182 16176 16181 16179 -60.0 2.5
16302 16307 16305 16316  60.0 2.5
16307 16305 16316 16312 -60.0 2.5
16305 16316 16312 16308  60.0 2.5
16316 16312 16308 16302 -60.0 2.5
16312 16308 16302 16307  60.0 2.5
16308 16302 16307 16305 -60.0 2.5
16428 16433 16431 16442  60.0 2.5
16433 16431 16442 16438 -60.0 2.5
16431 16442 16438 16434  60.0 2.5
16442 16438 16434 16428 -60.0 2.5
16438 16434 16428 16433  60.0 2.5
16434 16428 16433 16431 -60.0 2.5
16554 16559 16557 16568  60.0 2.5
16559 16557 16568 16564 -60.0 2.5
16557 16568 16564 16560  60.0 2.5
16568 16564 16560 16554 -60.0 2.5
16564 16560 16554 16559  60.0 2.5
16560 16554 16559 16557 -60.0 2.5
16680 16685 16683 16694  60.0 2.5
16685 16683 16694 16690 -60.0 2.5
16683 16694 16690 16686  60.0 2.5
16694 16690 16686 16680 -60.0 2.5
16690 16686 16680 16685  60.0 2.5
16686 16680 16685 16683 -60.0 2.5
16806 16811 16809 16820  60.0 2.5
16811 16809 16820 16816 -60.0 2.5
16809 16820 16816 16812  60.0 2.5
16820 16816 16812 16806 -60.0 2.5
16816 16812 16806 16811  60.0 2.5
16812 16806 16811 16809 -60.0 2.5
16932 16937 16935 16946  60.0 2.5
16937 16935 16946 16942 -60.0 2.5
16935 16946 16942 16938  60.0 2.5
16946 16942 16938 16932 -60.0 2.5
16942 16938 16932 16937  60.0 2.5
16938 16932 16937 16935 -60.0 2.5
17058 17063 17061 17072  60.0 2.5
17063 17061 17072 17068 -60.0 2.5
17061 17072 17068 17064  60.0 2.5
17072 17068 17064 17058 -60.0 2.5
17068 17064 17058 17063  60.0 2.5
17064 17058 17063 17061 -60.0 2.5
17184 17189 17187 17198  60.0 2.5
17189 17187 17198 17194 -60.0 2.5
17187 17198 17194 17190  60.0 2.5
17198 17194 17190 17184 -60.0 2.5
17194 17190 17184 17189  60.0 2.5
17190 17184 17189 17187 -60.0 2.5
17310 17315 17313 17324  60.0 2.5
17315 17313 17324 17320 -60.0 2.5
17313 17324 17320 17316  60.0 2.5
17324 17320 17316 17310 -60.0 2.5
17320 17316 17310 17315  60.0 2.5
17316 17310 17315 17313 -60.0 2.5
17436 17441 17439 17450  60.0 2.5
17441 17439 17450 17446 -60.0 2.5
17439 17450 17446 17442  60.0 2.5
17450 17446 17442 17436 -60.0 2.5
17446 17442 17436 17441  60.0 2.5
17442 17436 17441 17439 -60.0 2.5
17562 17567 17565 17576  60.0 2.5
17567 17565 17576 17572 -60.0 2.5
17565 17576 17572 17568  60.0 2.5
17576 17572 17568 17562 -60.0 2.5
17572 17568 17562 17567  60.0 2.5
17568 17562 17567 17565 -60.0 2.5
