14568 14561 14566 14564  120.0 2.5
14572 14570 14568 14566 -120.0 2.5
14568 14572 14574 14576  180.0 0.0
14694 14687 14692 14690  120.0 2.5
14698 14696 14694 14692 -120.0 2.5
14694 14698 14700 14702  180.0 0.0
14820 14813 14818 14816  120.0 2.5
14824 14822 14820 14818 -120.0 2.5
14820 14824 14826 14828  180.0 0.0
14946 14939 14944 14942  120.0 2.5
14950 14948 14946 14944 -120.0 2.5
14946 14950 14952 14954  180.0 0.0
15072 15065 15070 15068  120.0 2.5
15076 15074 15072 15070 -120.0 2.5
15072 15076 15078 15080  180.0 0.0
15198 15191 15196 15194  120.0 2.5
15202 15200 15198 15196 -120.0 2.5
15198 15202 15204 15206  180.0 0.0
15324 15317 15322 15320  120.0 2.5
15328 15326 15324 15322 -120.0 2.5
15324 15328 15330 15332  180.0 0.0
15450 15443 15448 15446  120.0 2.5
15454 15452 15450 15448 -120.0 2.5
15450 15454 15456 15458  180.0 0.0
15576 15569 15574 15572  120.0 2.5
15580 15578 15576 15574 -120.0 2.5
15576 15580 15582 15584  180.0 0.0
15702 15695 15700 15698  120.0 2.5
15706 15704 15702 15700 -120.0 2.5
15702 15706 15708 15710  180.0 0.0
15828 15821 15826 15824  120.0 2.5
15832 15830 15828 15826 -120.0 2.5
15828 15832 15834 15836  180.0 0.0
15954 15947 15952 15950  120.0 2.5
15958 15956 15954 15952 -120.0 2.5
15954 15958 15960 15962  180.0 0.0
16080 16073 16078 16076  120.0 2.5
16084 16082 16080 16078 -120.0 2.5
16080 16084 16086 16088  180.0 0.0
16206 16199 16204 16202  120.0 2.5
16210 16208 16206 16204 -120.0 2.5
16206 16210 16212 16214  180.0 0.0
16332 16325 16330 16328  120.0 2.5
16336 16334 16332 16330 -120.0 2.5
16332 16336 16338 16340  180.0 0.0
16458 16451 16456 16454  120.0 2.5
16462 16460 16458 16456 -120.0 2.5
16458 16462 16464 16466  180.0 0.0
16584 16577 16582 16580  120.0 2.5
16588 16586 16584 16582 -120.0 2.5
16584 16588 16590 16592  180.0 0.0
16710 16703 16708 16706  120.0 2.5
16714 16712 16710 16708 -120.0 2.5
16710 16714 16716 16718  180.0 0.0
16836 16829 16834 16832  120.0 2.5
16840 16838 16836 16834 -120.0 2.5
16836 16840 16842 16844  180.0 0.0
16962 16955 16960 16958  120.0 2.5
16966 16964 16962 16960 -120.0 2.5
16962 16966 16968 16970  180.0 0.0
17088 17081 17086 17084  120.0 2.5
17092 17090 17088 17086 -120.0 2.5
17088 17092 17094 17096  180.0 0.0
17214 17207 17212 17210  120.0 2.5
17218 17216 17214 17212 -120.0 2.5
17214 17218 17220 17222  180.0 0.0
17340 17333 17338 17336  120.0 2.5
17344 17342 17340 17338 -120.0 2.5
17340 17344 17346 17348  180.0 0.0
17466 17459 17464 17462  120.0 2.5
17470 17468 17466 17464 -120.0 2.5
17466 17470 17472 17474  180.0 0.0
27812 27823 27815 27817 -120.0 2.5
27835 27838 27840 27842  0.0 0.0
27842 27845 27847 27849  0.0 0.0
27849 27852 27854 27856  0.0 0.0
27856 27859 27861 27863  0.0 0.0
27946 27957 27949 27951 -120.0 2.5
27981 27984 27986 27988  0.0 0.0
28080 28091 28083 28085 -120.0 2.5
28103 28106 28108 28110  0.0 0.0
28110 28113 28115 28117  0.0 0.0
28117 28120 28122 28124  0.0 0.0
28124 28127 28129 28131  0.0 0.0
28214 28225 28217 28219 -120.0 2.5
28249 28252 28254 28256  0.0 0.0
28296 28299 28301 28303  0.0 0.0
28352 28363 28355 28357 -120.0 2.5
28375 28378 28380 28382  0.0 0.0
28382 28385 28387 28389  0.0 0.0
28389 28392 28394 28396  0.0 0.0
28396 28399 28401 28403  0.0 0.0
28486 28497 28489 28491 -120.0 2.5
28521 28524 28526 28528  0.0 0.0
28568 28571 28573 28575  0.0 0.0
28631 28624 28629 28627  120.0 2.5
28635 28633 28631 28629 -120.0 2.5
28631 28635 28637 28639  180.0 0.0
28751 28762 28754 28756 -120.0 2.5
28786 28789 28791 28793  0.0 0.0
28876 28887 28879 28881 -120.0 2.5
28896 28899 28901 28903  0.0 0.0
28903 28906 28908 28910  0.0 0.0
28910 28913 28915 28917  0.0 0.0
28917 28920 28922 28924  0.0 0.0
28924 28927 28929 28931  0.0 0.0
28931 28934 28936 28938  0.0 0.0
29018 29029 29021 29023 -120.0 2.5
29053 29056 29058 29060  0.0 0.0
29152 29163 29155 29157 -120.0 2.5
29187 29190 29192 29194  0.0 0.0
29286 29297 29289 29291 -120.0 2.5
29321 29324 29326 29328  0.0 0.0
29427 29420 29425 29423  120.0 2.5
29431 29429 29427 29425 -120.0 2.5
29427 29431 29433 29435  180.0 0.0
29538 29549 29541 29543 -120.0 2.5
29561 29564 29566 29568  0.0 0.0
29568 29571 29573 29575  0.0 0.0
29575 29578 29580 29582  0.0 0.0
29582 29585 29587 29589  0.0 0.0
29663 29674 29666 29668 -120.0 2.5
29698 29701 29703 29705  0.0 0.0
29804 29797 29802 29800  120.0 2.5
29808 29806 29804 29802 -120.0 2.5
29804 29808 29810 29812  180.0 0.0
29915 29926 29918 29920 -120.0 2.5
29950 29953 29955 29957  0.0 0.0
30049 30060 30052 30054 -120.0 2.5
30072 30075 30077 30079  0.0 0.0
30079 30082 30084 30086  0.0 0.0
30086 30089 30091 30093  0.0 0.0
30093 30096 30098 30100  0.0 0.0
30183 30194 30186 30188 -120.0 2.5
30218 30221 30223 30225  0.0 0.0
30317 30328 30320 30322 -120.0 2.5
30352 30355 30357 30359  0.0 0.0
30442 30453 30445 30447 -120.0 2.5
30465 30468 30470 30472  0.0 0.0
30472 30475 30477 30479  0.0 0.0
30479 30482 30484 30486  0.0 0.0
30486 30489 30491 30493  0.0 0.0
30567 30578 30570 30572 -120.0 2.5
30590 30593 30595 30597  0.0 0.0
30597 30600 30602 30604  0.0 0.0
30604 30607 30609 30611  0.0 0.0
30611 30614 30616 30618  0.0 0.0
30708 30701 30706 30704  120.0 2.5
30712 30710 30708 30706 -120.0 2.5
30708 30712 30714 30716  180.0 0.0
30841 30834 30839 30837  120.0 2.5
30845 30843 30841 30839 -120.0 2.5
30841 30845 30847 30849  180.0 0.0
30967 30978 30970 30972 -120.0 2.5
31002 31005 31007 31009  0.0 0.0
31049 31052 31054 31056  0.0 0.0
31096 31107 31099 31101 -120.0 2.5
31116 31119 31121 31123  0.0 0.0
31123 31126 31128 31130  0.0 0.0
31130 31133 31135 31137  0.0 0.0
31137 31140 31142 31144  0.0 0.0
31144 31147 31149 31151  0.0 0.0
31151 31154 31156 31158  0.0 0.0
31245 31238 31243 31241  120.0 2.5
31249 31247 31245 31243 -120.0 2.5
31245 31249 31251 31253  180.0 0.0
31372 31365 31370 31368  120.0 2.5
31376 31374 31372 31370 -120.0 2.5
31372 31376 31378 31380  180.0 0.0
31498 31509 31501 31503 -120.0 2.5
31533 31536 31538 31540  0.0 0.0
31623 31634 31626 31628 -120.0 2.5
31643 31646 31648 31650  0.0 0.0
31650 31653 31655 31657  0.0 0.0
31657 31660 31662 31664  0.0 0.0
31664 31667 31669 31671  0.0 0.0
31671 31674 31676 31678  0.0 0.0
31678 31681 31683 31685  0.0 0.0
31765 31776 31768 31770 -120.0 2.5
31788 31791 31793 31795  0.0 0.0
31795 31798 31800 31802  0.0 0.0
31802 31805 31807 31809  0.0 0.0
31809 31812 31814 31816  0.0 0.0
31899 31910 31902 31904 -120.0 2.5
31922 31925 31927 31929  0.0 0.0
31929 31932 31934 31936  0.0 0.0
31936 31939 31941 31943  0.0 0.0
31943 31946 31948 31950  0.0 0.0
32024 32035 32027 32029 -120.0 2.5
32047 32050 32052 32054  0.0 0.0
32054 32057 32059 32061  0.0 0.0
32061 32064 32066 32068  0.0 0.0
32068 32071 32073 32075  0.0 0.0
32158 32169 32161 32163 -120.0 2.5
32181 32184 32186 32188  0.0 0.0
32188 32191 32193 32195  0.0 0.0
32195 32198 32200 32202  0.0 0.0
32202 32205 32207 32209  0.0 0.0
32292 32303 32295 32297 -120.0 2.5
32327 32330 32332 32334  0.0 0.0
32433 32426 32431 32429  120.0 2.5
32437 32435 32433 32431 -120.0 2.5
32433 32437 32439 32441  180.0 0.0
32544 32555 32547 32549 -120.0 2.5
32567 32570 32572 32574  0.0 0.0
32574 32577 32579 32581  0.0 0.0
32581 32584 32586 32588  0.0 0.0
32588 32591 32593 32595  0.0 0.0
32678 32689 32681 32683 -120.0 2.5
32713 32716 32718 32720  0.0 0.0
32812 32823 32815 32817 -120.0 2.5
32847 32850 32852 32854  0.0 0.0
32946 32957 32949 32951 -120.0 2.5
32981 32984 32986 32988  0.0 0.0
33071 33082 33074 33076 -120.0 2.5
33094 33097 33099 33101  0.0 0.0
33101 33104 33106 33108  0.0 0.0
33108 33111 33113 33115  0.0 0.0
33115 33118 33120 33122  0.0 0.0
33205 33216 33208 33210 -120.0 2.5
33228 33231 33233 33235  0.0 0.0
33235 33238 33240 33242  0.0 0.0
33242 33245 33247 33249  0.0 0.0
33249 33252 33254 33256  0.0 0.0
33330 33341 33333 33335 -120.0 2.5
33350 33353 33355 33357  0.0 0.0
33357 33360 33362 33364  0.0 0.0
33364 33367 33369 33371  0.0 0.0
33371 33374 33376 33378  0.0 0.0
33378 33381 33383 33385  0.0 0.0
33385 33388 33390 33392  0.0 0.0
33479 33472 33477 33475  120.0 2.5
33483 33481 33479 33477 -120.0 2.5
33479 33483 33485 33487  180.0 0.0
33590 33601 33593 33595 -120.0 2.5
33625 33628 33630 33632  0.0 0.0
33715 33726 33718 33720 -120.0 2.5
33735 33738 33740 33742  0.0 0.0
33742 33745 33747 33749  0.0 0.0
33749 33752 33754 33756  0.0 0.0
33756 33759 33761 33763  0.0 0.0
33763 33766 33768 33770  0.0 0.0
33770 33773 33775 33777  0.0 0.0
33864 33857 33862 33860  120.0 2.5
33868 33866 33864 33862 -120.0 2.5
33864 33868 33870 33872  180.0 0.0
33984 33995 33987 33989 -120.0 2.5
34019 34022 34024 34026  0.0 0.0
34066 34069 34071 34073  0.0 0.0
34122 34133 34125 34127 -120.0 2.5
34157 34160 34162 34164  0.0 0.0
34247 34258 34250 34252 -120.0 2.5
34267 34270 34272 34274  0.0 0.0
34274 34277 34279 34281  0.0 0.0
34281 34284 34286 34288  0.0 0.0
34288 34291 34293 34295  0.0 0.0
34295 34298 34300 34302  0.0 0.0
34302 34305 34307 34309  0.0 0.0
34389 34400 34392 34394 -120.0 2.5
34412 34415 34417 34419  0.0 0.0
34419 34422 34424 34426  0.0 0.0
34426 34429 34431 34433  0.0 0.0
34433 34436 34438 34440  0.0 0.0
34530 34523 34528 34526  120.0 2.5
34534 34532 34530 34528 -120.0 2.5
34530 34534 34536 34538  180.0 0.0
34663 34656 34661 34659  120.0 2.5
34667 34665 34663 34661 -120.0 2.5
34663 34667 34669 34671  180.0 0.0
34789 34800 34792 34794 -120.0 2.5
34812 34815 34817 34819  0.0 0.0
34819 34822 34824 34826  0.0 0.0
34826 34829 34831 34833  0.0 0.0
34833 34836 34838 34840  0.0 0.0
34923 34934 34926 34928 -120.0 2.5
34958 34961 34963 34965  0.0 0.0
35064 35057 35062 35060  120.0 2.5
35068 35066 35064 35062 -120.0 2.5
35064 35068 35070 35072  180.0 0.0
35175 35186 35178 35180 -120.0 2.5
35198 35201 35203 35205  0.0 0.0
35205 35208 35210 35212  0.0 0.0
35212 35215 35217 35219  0.0 0.0
35219 35222 35224 35226  0.0 0.0
35309 35320 35312 35314 -120.0 2.5
35344 35347 35349 35351  0.0 0.0
35443 35454 35446 35448 -120.0 2.5
35466 35469 35471 35473  0.0 0.0
35473 35476 35478 35480  0.0 0.0
35480 35483 35485 35487  0.0 0.0
35487 35490 35492 35494  0.0 0.0
35584 35577 35582 35580  120.0 2.5
35588 35586 35584 35582 -120.0 2.5
35584 35588 35590 35592  180.0 0.0
35695 35706 35698 35700 -120.0 2.5
35715 35718 35720 35722  0.0 0.0
35722 35725 35727 35729  0.0 0.0
35729 35732 35734 35736  0.0 0.0
35736 35739 35741 35743  0.0 0.0
35743 35746 35748 35750  0.0 0.0
35750 35753 35755 35757  0.0 0.0
35844 35837 35842 35840  120.0 2.5
35848 35846 35844 35842 -120.0 2.5
35844 35848 35850 35852  180.0 0.0
35970 35981 35973 35975 -120.0 2.5
36005 36008 36010 36012  0.0 0.0
36104 36115 36107 36109 -120.0 2.5
36127 36130 36132 36134  0.0 0.0
36134 36137 36139 36141  0.0 0.0
36141 36144 36146 36148  0.0 0.0
36148 36151 36153 36155  0.0 0.0
36238 36249 36241 36243 -120.0 2.5
36273 36276 36278 36280  0.0 0.0
36372 36383 36375 36377 -120.0 2.5
36392 36395 36397 36399  0.0 0.0
36399 36402 36404 36406  0.0 0.0
36406 36409 36411 36413  0.0 0.0
36413 36416 36418 36420  0.0 0.0
36420 36423 36425 36427  0.0 0.0
36427 36430 36432 36434  0.0 0.0
36514 36525 36517 36519 -120.0 2.5
36549 36552 36554 36556  0.0 0.0
36655 36648 36653 36651  120.0 2.5
36659 36657 36655 36653 -120.0 2.5
36655 36659 36661 36663  180.0 0.0
36782 36775 36780 36778  120.0 2.5
36786 36784 36782 36780 -120.0 2.5
36782 36786 36788 36790  180.0 0.0
36893 36904 36896 36898 -120.0 2.5
36913 36916 36918 36920  0.0 0.0
36920 36923 36925 36927  0.0 0.0
36927 36930 36932 36934  0.0 0.0
36934 36937 36939 36941  0.0 0.0
36941 36944 36946 36948  0.0 0.0
36948 36951 36953 36955  0.0 0.0
37026 37037 37029 37031 -120.0 2.5
37046 37049 37051 37053  0.0 0.0
37053 37056 37058 37060  0.0 0.0
37060 37063 37065 37067  0.0 0.0
37067 37070 37072 37074  0.0 0.0
37074 37077 37079 37081  0.0 0.0
37081 37084 37086 37088  0.0 0.0
37159 37170 37162 37164 -120.0 2.5
37194 37197 37199 37201  0.0 0.0
37300 37293 37298 37296  120.0 2.5
37304 37302 37300 37298 -120.0 2.5
37300 37304 37306 37308  180.0 0.0
37420 37431 37423 37425 -120.0 2.5
37455 37458 37460 37462  0.0 0.0
37561 37554 37559 37557  120.0 2.5
37565 37563 37561 37559 -120.0 2.5
37561 37565 37567 37569  180.0 0.0
37681 37692 37684 37686 -120.0 2.5
37701 37704 37706 37708  0.0 0.0
37708 37711 37713 37715  0.0 0.0
37715 37718 37720 37722  0.0 0.0
37722 37725 37727 37729  0.0 0.0
37729 37732 37734 37736  0.0 0.0
37736 37739 37741 37743  0.0 0.0
37814 37825 37817 37819 -120.0 2.5
37837 37840 37842 37844  0.0 0.0
37844 37847 37849 37851  0.0 0.0
37851 37854 37856 37858  0.0 0.0
37858 37861 37863 37865  0.0 0.0
37948 37959 37951 37953 -120.0 2.5
37983 37986 37988 37990  0.0 0.0
38030 38033 38035 38037  0.0 0.0
38093 38086 38091 38089  120.0 2.5
38097 38095 38093 38091 -120.0 2.5
38093 38097 38099 38101  180.0 0.0
38213 38224 38216 38218 -120.0 2.5
38248 38251 38253 38255  0.0 0.0
38354 38347 38352 38350  120.0 2.5
38358 38356 38354 38352 -120.0 2.5
38354 38358 38360 38362  180.0 0.0
38465 38476 38468 38470 -120.0 2.5
38485 38488 38490 38492  0.0 0.0
38492 38495 38497 38499  0.0 0.0
38499 38502 38504 38506  0.0 0.0
38506 38509 38511 38513  0.0 0.0
38513 38516 38518 38520  0.0 0.0
38520 38523 38525 38527  0.0 0.0
38607 38618 38610 38612 -120.0 2.5
38630 38633 38635 38637  0.0 0.0
38637 38640 38642 38644  0.0 0.0
38644 38647 38649 38651  0.0 0.0
38651 38654 38656 38658  0.0 0.0
38748 38741 38746 38744  120.0 2.5
38752 38750 38748 38746 -120.0 2.5
38748 38752 38754 38756  180.0 0.0
38868 38879 38871 38873 -120.0 2.5
38891 38894 38896 38898  0.0 0.0
38898 38901 38903 38905  0.0 0.0
38905 38908 38910 38912  0.0 0.0
38912 38915 38917 38919  0.0 0.0
39002 39013 39005 39007 -120.0 2.5
39037 39040 39042 39044  0.0 0.0
39084 39087 39089 39091  0.0 0.0
39140 39151 39143 39145 -120.0 2.5
39175 39178 39180 39182  0.0 0.0
39274 39285 39277 39279 -120.0 2.5
39294 39297 39299 39301  0.0 0.0
39301 39304 39306 39308  0.0 0.0
39308 39311 39313 39315  0.0 0.0
39315 39318 39320 39322  0.0 0.0
39322 39325 39327 39329  0.0 0.0
39329 39332 39334 39336  0.0 0.0
39407 39418 39410 39412 -120.0 2.5
39430 39433 39435 39437  0.0 0.0
39437 39440 39442 39444  0.0 0.0
39444 39447 39449 39451  0.0 0.0
39451 39454 39456 39458  0.0 0.0
39532 39543 39535 39537 -120.0 2.5
39567 39570 39572 39574  0.0 0.0
39666 39677 39669 39671 -120.0 2.5
39701 39704 39706 39708  0.0 0.0
39807 39800 39805 39803  120.0 2.5
39811 39809 39807 39805 -120.0 2.5
39807 39811 39813 39815  180.0 0.0
39927 39938 39930 39932 -120.0 2.5
39962 39965 39967 39969  0.0 0.0
40068 40061 40066 40064  120.0 2.5
40072 40070 40068 40066 -120.0 2.5
40068 40072 40074 40076  180.0 0.0
40194 40205 40197 40199 -120.0 2.5
40229 40232 40234 40236  0.0 0.0
40328 40339 40331 40333 -120.0 2.5
40351 40354 40356 40358  0.0 0.0
40358 40361 40363 40365  0.0 0.0
40365 40368 40370 40372  0.0 0.0
40372 40375 40377 40379  0.0 0.0
40462 40473 40465 40467 -120.0 2.5
40497 40500 40502 40504  0.0 0.0
40596 40607 40599 40601 -120.0 2.5
40631 40634 40636 40638  0.0 0.0
40721 40732 40724 40726 -120.0 2.5
40756 40759 40761 40763  0.0 0.0
40846 40857 40849 40851 -120.0 2.5
40866 40869 40871 40873  0.0 0.0
40873 40876 40878 40880  0.0 0.0
40880 40883 40885 40887  0.0 0.0
40887 40890 40892 40894  0.0 0.0
40894 40897 40899 40901  0.0 0.0
40901 40904 40906 40908  0.0 0.0
40988 40999 40991 40993 -120.0 2.5
41008 41011 41013 41015  0.0 0.0
41015 41018 41020 41022  0.0 0.0
41022 41025 41027 41029  0.0 0.0
41029 41032 41034 41036  0.0 0.0
41036 41039 41041 41043  0.0 0.0
41043 41046 41048 41050  0.0 0.0
41137 41130 41135 41133  120.0 2.5
41141 41139 41137 41135 -120.0 2.5
41137 41141 41143 41145  180.0 0.0
41257 41268 41260 41262 -120.0 2.5
41277 41280 41282 41284  0.0 0.0
41284 41287 41289 41291  0.0 0.0
41291 41294 41296 41298  0.0 0.0
41298 41301 41303 41305  0.0 0.0
41305 41308 41310 41312  0.0 0.0
41312 41315 41317 41319  0.0 0.0
41406 41399 41404 41402  120.0 2.5
41410 41408 41406 41404 -120.0 2.5
41406 41410 41412 41414  180.0 0.0
41532 41543 41535 41537 -120.0 2.5
41567 41570 41572 41574  0.0 0.0
41657 41668 41660 41662 -120.0 2.5
41680 41683 41685 41687  0.0 0.0
41687 41690 41692 41694  0.0 0.0
41694 41697 41699 41701  0.0 0.0
41701 41704 41706 41708  0.0 0.0
41782 41793 41785 41787 -120.0 2.5
41802 41805 41807 41809  0.0 0.0
41809 41812 41814 41816  0.0 0.0
41816 41819 41821 41823  0.0 0.0
41823 41826 41828 41830  0.0 0.0
41830 41833 41835 41837  0.0 0.0
41837 41840 41842 41844  0.0 0.0
41924 41935 41927 41929 -120.0 2.5
41959 41962 41964 41966  0.0 0.0
42049 42060 42052 42054 -120.0 2.5
42069 42072 42074 42076  0.0 0.0
42076 42079 42081 42083  0.0 0.0
42083 42086 42088 42090  0.0 0.0
42090 42093 42095 42097  0.0 0.0
42097 42100 42102 42104  0.0 0.0
42104 42107 42109 42111  0.0 0.0
42198 42191 42196 42194  120.0 2.5
42202 42200 42198 42196 -120.0 2.5
42198 42202 42204 42206  180.0 0.0
42315 42326 42318 42320 -120.0 2.5
42335 42338 42340 42342  0.0 0.0
42342 42345 42347 42349  0.0 0.0
42349 42352 42354 42356  0.0 0.0
42356 42359 42361 42363  0.0 0.0
42363 42366 42368 42370  0.0 0.0
42370 42373 42375 42377  0.0 0.0
42457 42468 42460 42462 -120.0 2.5
42492 42495 42497 42499  0.0 0.0
42582 42593 42585 42587 -120.0 2.5
42605 42608 42610 42612  0.0 0.0
42612 42615 42617 42619  0.0 0.0
42619 42622 42624 42626  0.0 0.0
42626 42629 42631 42633  0.0 0.0
42716 42727 42719 42721 -120.0 2.5
42736 42739 42741 42743  0.0 0.0
42743 42746 42748 42750  0.0 0.0
42750 42753 42755 42757  0.0 0.0
42757 42760 42762 42764  0.0 0.0
42764 42767 42769 42771  0.0 0.0
42771 42774 42776 42778  0.0 0.0
42865 42858 42863 42861  120.0 2.5
42869 42867 42865 42863 -120.0 2.5
42865 42869 42871 42873  180.0 0.0
42992 42985 42990 42988  120.0 2.5
42996 42994 42992 42990 -120.0 2.5
42992 42996 42998 43000  180.0 0.0
43103 43114 43106 43108 -120.0 2.5
43123 43126 43128 43130  0.0 0.0
43130 43133 43135 43137  0.0 0.0
43137 43140 43142 43144  0.0 0.0
43144 43147 43149 43151  0.0 0.0
43151 43154 43156 43158  0.0 0.0
43158 43161 43163 43165  0.0 0.0
43252 43245 43250 43248  120.0 2.5
43256 43254 43252 43250 -120.0 2.5
43252 43256 43258 43260  180.0 0.0
43372 43383 43375 43377 -120.0 2.5
43395 43398 43400 43402  0.0 0.0
43402 43405 43407 43409  0.0 0.0
43409 43412 43414 43416  0.0 0.0
43416 43419 43421 43423  0.0 0.0
43497 43508 43500 43502 -120.0 2.5
43517 43520 43522 43524  0.0 0.0
43524 43527 43529 43531  0.0 0.0
43531 43534 43536 43538  0.0 0.0
43538 43541 43543 43545  0.0 0.0
43545 43548 43550 43552  0.0 0.0
43552 43555 43557 43559  0.0 0.0
43630 43641 43633 43635 -120.0 2.5
43650 43653 43655 43657  0.0 0.0
43657 43660 43662 43664  0.0 0.0
43664 43667 43669 43671  0.0 0.0
43671 43674 43676 43678  0.0 0.0
43678 43681 43683 43685  0.0 0.0
43685 43688 43690 43692  0.0 0.0
43772 43783 43775 43777 -120.0 2.5
43807 43810 43812 43814  0.0 0.0
43897 43908 43900 43902 -120.0 2.5
43917 43920 43922 43924  0.0 0.0
43924 43927 43929 43931  0.0 0.0
43931 43934 43936 43938  0.0 0.0
43938 43941 43943 43945  0.0 0.0
43945 43948 43950 43952  0.0 0.0
43952 43955 43957 43959  0.0 0.0
54464 54475 54467 54469 -120.0 2.5
54487 54490 54492 54494  0.0 0.0
54494 54497 54499 54501  0.0 0.0
54501 54504 54506 54508  0.0 0.0
54508 54511 54513 54515  0.0 0.0
54574 54594 54590 54586  60.0 2.5
54594 54590 54586 54582 -60.0 2.5
54590 54586 54582 54578  60.0 2.5
54586 54582 54578 54574 -60.0 2.5
54582 54578 54574 54594  60.0 2.5
54578 54574 54594 54590 -60.0 2.5
54601 54612 54604 54606 -120.0 2.5
54624 54627 54629 54631  0.0 0.0
54631 54634 54636 54638  0.0 0.0
54638 54641 54643 54645  0.0 0.0
54645 54648 54650 54652  0.0 0.0
54717 54723 54721 54726 -120.0 2.5
54734 54745 54737 54739 -120.0 2.5
54757 54760 54762 54764  0.0 0.0
54764 54767 54769 54771  0.0 0.0
54771 54774 54776 54778  0.0 0.0
54778 54781 54783 54785  0.0 0.0
54859 54870 54862 54864 -120.0 2.5
54879 54882 54884 54886  0.0 0.0
54886 54889 54891 54893  0.0 0.0
54893 54896 54898 54900  0.0 0.0
54900 54903 54905 54907  0.0 0.0
54907 54910 54912 54914  0.0 0.0
54914 54917 54919 54921  0.0 0.0
55001 55012 55004 55006 -120.0 2.5
55024 55027 55029 55031  0.0 0.0
55031 55034 55036 55038  0.0 0.0
55038 55041 55043 55045  0.0 0.0
55045 55048 55050 55052  0.0 0.0
55126 55137 55129 55131 -120.0 2.5
55161 55164 55166 55168  0.0 0.0
55236 55242 55240 55245 -120.0 2.5
55253 55264 55256 55258 -120.0 2.5
55273 55276 55278 55280  0.0 0.0
55280 55283 55285 55287  0.0 0.0
55287 55290 55292 55294  0.0 0.0
55294 55297 55299 55301  0.0 0.0
55301 55304 55306 55308  0.0 0.0
55308 55311 55313 55315  0.0 0.0
55371 55377 55375 55380 -120.0 2.5
55388 55399 55391 55393 -120.0 2.5
55408 55411 55413 55415  0.0 0.0
55415 55418 55420 55422  0.0 0.0
55422 55425 55427 55429  0.0 0.0
55429 55432 55434 55436  0.0 0.0
55436 55439 55441 55443  0.0 0.0
55443 55446 55448 55450  0.0 0.0
55521 55532 55524 55526 -120.0 2.5
55544 55547 55549 55551  0.0 0.0
55551 55554 55556 55558  0.0 0.0
55558 55561 55563 55565  0.0 0.0
55565 55568 55570 55572  0.0 0.0
55646 55657 55649 55651 -120.0 2.5
55669 55672 55674 55676  0.0 0.0
55676 55679 55681 55683  0.0 0.0
55683 55686 55688 55690  0.0 0.0
55690 55693 55695 55697  0.0 0.0
55787 55780 55785 55783  120.0 2.5
55791 55789 55787 55785 -120.0 2.5
55787 55791 55793 55795  180.0 0.0
55883 55903 55899 55895  60.0 2.5
55903 55899 55895 55891 -60.0 2.5
55899 55895 55891 55887  60.0 2.5
55895 55891 55887 55883 -60.0 2.5
55891 55887 55883 55903  60.0 2.5
55887 55883 55903 55899 -60.0 2.5
55910 55921 55913 55915 -120.0 2.5
55933 55936 55938 55940  0.0 0.0
55940 55943 55945 55947  0.0 0.0
55947 55950 55952 55954  0.0 0.0
55954 55957 55959 55961  0.0 0.0
56041 56052 56044 56046 -120.0 2.5
56061 56064 56066 56068  0.0 0.0
56068 56071 56073 56075  0.0 0.0
56075 56078 56080 56082  0.0 0.0
56082 56085 56087 56089  0.0 0.0
56089 56092 56094 56096  0.0 0.0
56096 56099 56101 56103  0.0 0.0
56174 56185 56177 56179 -120.0 2.5
56209 56212 56214 56216  0.0 0.0
56284 56290 56288 56293  120.0 2.5
56301 56312 56304 56306 -120.0 2.5
56336 56339 56341 56343  0.0 0.0
56435 56446 56438 56440 -120.0 2.5
56458 56461 56463 56465  0.0 0.0
56465 56468 56470 56472  0.0 0.0
56472 56475 56477 56479  0.0 0.0
56479 56482 56484 56486  0.0 0.0
56560 56571 56563 56565 -120.0 2.5
56583 56586 56588 56590  0.0 0.0
56590 56593 56595 56597  0.0 0.0
56597 56600 56602 56604  0.0 0.0
56604 56607 56609 56611  0.0 0.0
56685 56696 56688 56690 -120.0 2.5
56708 56711 56713 56715  0.0 0.0
56715 56718 56720 56722  0.0 0.0
56722 56725 56727 56729  0.0 0.0
56729 56732 56734 56736  0.0 0.0
56810 56821 56813 56815 -120.0 2.5
56830 56833 56835 56837  0.0 0.0
56837 56840 56842 56844  0.0 0.0
56844 56847 56849 56851  0.0 0.0
56851 56854 56856 56858  0.0 0.0
56858 56861 56863 56865  0.0 0.0
56865 56868 56870 56872  0.0 0.0
56943 56954 56946 56948 -120.0 2.5
56963 56966 56968 56970  0.0 0.0
56970 56973 56975 56977  0.0 0.0
56977 56980 56982 56984  0.0 0.0
56984 56987 56989 56991  0.0 0.0
56991 56994 56996 56998  0.0 0.0
56998 57001 57003 57005  0.0 0.0
57092 57085 57090 57088  120.0 2.5
57096 57094 57092 57090 -120.0 2.5
57092 57096 57098 57100  180.0 0.0
57203 57214 57206 57208 -120.0 2.5
57223 57226 57228 57230  0.0 0.0
57230 57233 57235 57237  0.0 0.0
57237 57240 57242 57244  0.0 0.0
57244 57247 57249 57251  0.0 0.0
57251 57254 57256 57258  0.0 0.0
57258 57261 57263 57265  0.0 0.0
57336 57347 57339 57341 -120.0 2.5
57359 57362 57364 57366  0.0 0.0
57366 57369 57371 57373  0.0 0.0
57373 57376 57378 57380  0.0 0.0
57380 57383 57385 57387  0.0 0.0
57461 57472 57464 57466 -120.0 2.5
57481 57484 57486 57488  0.0 0.0
57488 57491 57493 57495  0.0 0.0
57495 57498 57500 57502  0.0 0.0
57502 57505 57507 57509  0.0 0.0
57509 57512 57514 57516  0.0 0.0
57516 57519 57521 57523  0.0 0.0
57594 57605 57597 57599 -120.0 2.5
57617 57620 57622 57624  0.0 0.0
57624 57627 57629 57631  0.0 0.0
57631 57634 57636 57638  0.0 0.0
57638 57641 57643 57645  0.0 0.0
57735 57728 57733 57731  120.0 2.5
57739 57737 57735 57733 -120.0 2.5
57735 57739 57741 57743  180.0 0.0
57846 57857 57849 57851 -120.0 2.5
57866 57869 57871 57873  0.0 0.0
57873 57876 57878 57880  0.0 0.0
57880 57883 57885 57887  0.0 0.0
57887 57890 57892 57894  0.0 0.0
57894 57897 57899 57901  0.0 0.0
57901 57904 57906 57908  0.0 0.0
57988 57999 57991 57993 -120.0 2.5
58008 58011 58013 58015  0.0 0.0
58015 58018 58020 58022  0.0 0.0
58022 58025 58027 58029  0.0 0.0
58029 58032 58034 58036  0.0 0.0
58036 58039 58041 58043  0.0 0.0
58043 58046 58048 58050  0.0 0.0
58121 58132 58124 58126 -120.0 2.5
58144 58147 58149 58151  0.0 0.0
58151 58154 58156 58158  180.0 0.0
58158 58161 58163 58165  0.0 0.0
58165 58168 58170 58172  0.0 0.0
58255 58266 58258 58260 -120.0 2.5
58275 58278 58280 58282  0.0 0.0
58282 58285 58287 58289  0.0 0.0
58289 58292 58294 58296  0.0 0.0
58296 58299 58301 58303  0.0 0.0
58303 58306 58308 58310  0.0 0.0
58310 58313 58315 58317  0.0 0.0
58373 58393 58389 58385  60.0 2.5
58393 58389 58385 58381 -60.0 2.5
58389 58385 58381 58377  60.0 2.5
58385 58381 58377 58373 -60.0 2.5
58381 58377 58373 58393  60.0 2.5
58377 58373 58393 58389 -60.0 2.5
58400 58411 58403 58405 -120.0 2.5
58435 58438 58440 58442  0.0 0.0
58510 58530 58526 58522  60.0 2.5
58530 58526 58522 58518 -60.0 2.5
58526 58522 58518 58514  60.0 2.5
58522 58518 58514 58510 -60.0 2.5
58518 58514 58510 58530  60.0 2.5
58514 58510 58530 58526 -60.0 2.5
58537 58548 58540 58542 -120.0 2.5
58572 58575 58577 58579  0.0 0.0
58671 58682 58674 58676 -120.0 2.5
58706 58709 58711 58713  0.0 0.0
58753 58756 58758 58760  0.0 0.0
58809 58820 58812 58814 -120.0 2.5
58844 58847 58849 58851  0.0 0.0
58934 58945 58937 58939 -120.0 2.5
58957 58960 58962 58964  0.0 0.0
58964 58967 58969 58971  0.0 0.0
58971 58974 58976 58978  0.0 0.0
58978 58981 58983 58985  0.0 0.0
59059 59070 59062 59064 -120.0 2.5
59082 59085 59087 59089  0.0 0.0
59089 59092 59094 59096  0.0 0.0
59096 59099 59101 59103  0.0 0.0
59103 59106 59108 59110  0.0 0.0
59193 59204 59196 59198 -120.0 2.5
59228 59231 59233 59235  0.0 0.0
59303 59309 59307 59312 -120.0 2.5
59320 59331 59323 59325 -120.0 2.5
59340 59343 59345 59347  0.0 0.0
59347 59350 59352 59354  0.0 0.0
59354 59357 59359 59361  0.0 0.0
59361 59364 59366 59368  0.0 0.0
59368 59371 59373 59375  0.0 0.0
59375 59378 59380 59382  0.0 0.0
59438 59458 59454 59450  60.0 2.5
59458 59454 59450 59446 -60.0 2.5
59454 59450 59446 59442  60.0 2.5
59450 59446 59442 59438 -60.0 2.5
59446 59442 59438 59458  60.0 2.5
59442 59438 59458 59454 -60.0 2.5
59465 59476 59468 59470 -120.0 2.5
59488 59491 59493 59495  0.0 0.0
59495 59498 59500 59502  0.0 0.0
59502 59505 59507 59509  0.0 0.0
59509 59512 59514 59516  0.0 0.0
59596 59607 59599 59601 -120.0 2.5
59616 59619 59621 59623  0.0 0.0
59623 59626 59628 59630  0.0 0.0
59630 59633 59635 59637  0.0 0.0
59637 59640 59642 59644  0.0 0.0
59644 59647 59649 59651  0.0 0.0
59651 59654 59656 59658  0.0 0.0
59729 59740 59732 59734 -120.0 2.5
59764 59767 59769 59771  0.0 0.0
59839 59859 59855 59851  60.0 2.5
59859 59855 59851 59847 -60.0 2.5
59855 59851 59847 59843  60.0 2.5
59851 59847 59843 59839 -60.0 2.5
59847 59843 59839 59859  60.0 2.5
59843 59839 59859 59855 -60.0 2.5
59866 59877 59869 59871 -120.0 2.5
59889 59892 59894 59896  0.0 0.0
59896 59899 59901 59903  0.0 0.0
59903 59906 59908 59910  0.0 0.0
59910 59913 59915 59917  0.0 0.0
59997 60008 60000 60002 -120.0 2.5
60020 60023 60025 60027  0.0 0.0
60027 60030 60032 60034  0.0 0.0
60034 60037 60039 60041  0.0 0.0
60041 60044 60046 60048  0.0 0.0
60138 60131 60136 60134  120.0 2.5
60142 60140 60138 60136 -120.0 2.5
60138 60142 60144 60146  180.0 0.0
60249 60260 60252 60254 -120.0 2.5
60269 60272 60274 60276  0.0 0.0
60276 60279 60281 60283  0.0 0.0
60283 60286 60288 60290  0.0 0.0
60290 60293 60295 60297  0.0 0.0
60297 60300 60302 60304  0.0 0.0
60304 60307 60309 60311  0.0 0.0
60367 60373 60371 60376 -120.0 2.5
60384 60395 60387 60389 -120.0 2.5
60407 60410 60412 60414  0.0 0.0
60414 60417 60419 60421  0.0 0.0
60421 60424 60426 60428  0.0 0.0
60428 60431 60433 60435  0.0 0.0
60494 60500 60498 60503 -120.0 2.5
60511 60522 60514 60516 -120.0 2.5
60534 60537 60539 60541  0.0 0.0
60541 60544 60546 60548  0.0 0.0
60548 60551 60553 60555  0.0 0.0
60555 60558 60560 60562  0.0 0.0
60621 60627 60625 60630 -120.0 2.5
60638 60649 60641 60643 -120.0 2.5
60658 60661 60663 60665  0.0 0.0
60665 60668 60670 60672  0.0 0.0
60672 60675 60677 60679  0.0 0.0
60679 60682 60684 60686  0.0 0.0
60686 60689 60691 60693  0.0 0.0
60693 60696 60698 60700  0.0 0.0
60756 60776 60772 60768  60.0 2.5
60776 60772 60768 60764 -60.0 2.5
60772 60768 60764 60760  60.0 2.5
60768 60764 60760 60756 -60.0 2.5
60764 60760 60756 60776  60.0 2.5
60760 60756 60776 60772 -60.0 2.5
60783 60794 60786 60788 -120.0 2.5
60818 60821 60823 60825  0.0 0.0
60893 60913 60909 60905  60.0 2.5
60913 60909 60905 60901 -60.0 2.5
60909 60905 60901 60897  60.0 2.5
60905 60901 60897 60893 -60.0 2.5
60901 60897 60893 60913  60.0 2.5
60897 60893 60913 60909 -60.0 2.5
60920 60931 60923 60925 -120.0 2.5
60955 60958 60960 60962  0.0 0.0
61045 61056 61048 61050 -120.0 2.5
61068 61071 61073 61075  0.0 0.0
61075 61078 61080 61082  0.0 0.0
61082 61085 61087 61089  0.0 0.0
61089 61092 61094 61096  0.0 0.0
61170 61181 61173 61175 -120.0 2.5
61193 61196 61198 61200  0.0 0.0
61200 61203 61205 61207  0.0 0.0
61207 61210 61212 61214  0.0 0.0
61214 61217 61219 61221  0.0 0.0
61280 61300 61296 61292  60.0 2.5
61300 61296 61292 61288 -60.0 2.5
61296 61292 61288 61284  60.0 2.5
61292 61288 61284 61280 -60.0 2.5
61288 61284 61280 61300  60.0 2.5
61284 61280 61300 61296 -60.0 2.5
61307 61318 61310 61312 -120.0 2.5
61342 61345 61347 61349  0.0 0.0
61417 61437 61433 61429  60.0 2.5
61437 61433 61429 61425 -60.0 2.5
61433 61429 61425 61421  60.0 2.5
61429 61425 61421 61417 -60.0 2.5
61425 61421 61417 61437  60.0 2.5
61421 61417 61437 61433 -60.0 2.5
61444 61455 61447 61449 -120.0 2.5
61479 61482 61484 61486  0.0 0.0
61578 61589 61581 61583 -120.0 2.5
61613 61616 61618 61620  0.0 0.0
61688 61708 61704 61700  60.0 2.5
61708 61704 61700 61696 -60.0 2.5
61704 61700 61696 61692  60.0 2.5
61700 61696 61692 61688 -60.0 2.5
61696 61692 61688 61708  60.0 2.5
61692 61688 61708 61704 -60.0 2.5
61715 61726 61718 61720 -120.0 2.5
61738 61741 61743 61745  0.0 0.0
61745 61748 61750 61752  0.0 0.0
61752 61755 61757 61759  0.0 0.0
61759 61762 61764 61766  0.0 0.0
61831 61837 61835 61840  120.0 2.5
61848 61859 61851 61853 -120.0 2.5
61883 61886 61888 61890  0.0 0.0
61958 61978 61974 61970  60.0 2.5
61978 61974 61970 61966 -60.0 2.5
61974 61970 61966 61962  60.0 2.5
61970 61966 61962 61958 -60.0 2.5
61966 61962 61958 61978  60.0 2.5
61962 61958 61978 61974 -60.0 2.5
61985 61996 61988 61990 -120.0 2.5
62008 62011 62013 62015  0.0 0.0
62015 62018 62020 62022  0.0 0.0
62022 62025 62027 62029  0.0 0.0
62029 62032 62034 62036  0.0 0.0
62116 62127 62119 62121 -120.0 2.5
62136 62139 62141 62143  0.0 0.0
62143 62146 62148 62150  0.0 0.0
62150 62153 62155 62157  0.0 0.0
62157 62160 62162 62164  0.0 0.0
62164 62167 62169 62171  0.0 0.0
62171 62174 62176 62178  0.0 0.0
62249 62260 62252 62254 -120.0 2.5
62284 62287 62289 62291  0.0 0.0
62359 62379 62375 62371  60.0 2.5
62379 62375 62371 62367 -60.0 2.5
62375 62371 62367 62363  60.0 2.5
62371 62367 62363 62359 -60.0 2.5
62367 62363 62359 62379  60.0 2.5
62363 62359 62379 62375 -60.0 2.5
62386 62397 62389 62391 -120.0 2.5
62409 62412 62414 62416  0.0 0.0
62416 62419 62421 62423  0.0 0.0
62423 62426 62428 62430  0.0 0.0
62430 62433 62435 62437  0.0 0.0
62502 62522 62518 62514  60.0 2.5
62522 62518 62514 62510 -60.0 2.5
62518 62514 62510 62506  60.0 2.5
62514 62510 62506 62502 -60.0 2.5
62510 62506 62502 62522  60.0 2.5
62506 62502 62522 62518 -60.0 2.5
62529 62540 62532 62534 -120.0 2.5
62552 62555 62557 62559  0.0 0.0
62559 62562 62564 62566  0.0 0.0
62566 62569 62571 62573  0.0 0.0
62573 62576 62578 62580  0.0 0.0
62645 62665 62661 62657  60.0 2.5
62665 62661 62657 62653 -60.0 2.5
62661 62657 62653 62649  60.0 2.5
62657 62653 62649 62645 -60.0 2.5
62653 62649 62645 62665  60.0 2.5
62649 62645 62665 62661 -60.0 2.5
62672 62683 62675 62677 -120.0 2.5
62695 62698 62700 62702  0.0 0.0
62702 62705 62707 62709  0.0 0.0
62709 62712 62714 62716  0.0 0.0
62716 62719 62721 62723  0.0 0.0
62803 62814 62806 62808 -120.0 2.5
62823 62826 62828 62830  0.0 0.0
62830 62833 62835 62837  0.0 0.0
62837 62840 62842 62844  0.0 0.0
62844 62847 62849 62851  0.0 0.0
62851 62854 62856 62858  0.0 0.0
62858 62861 62863 62865  0.0 0.0
62936 62947 62939 62941 -120.0 2.5
62959 62962 62964 62966  0.0 0.0
62966 62969 62971 62973  0.0 0.0
62973 62976 62978 62980  0.0 0.0
62980 62983 62985 62987  0.0 0.0
63070 63081 63073 63075 -120.0 2.5
63093 63096 63098 63100  0.0 0.0
63100 63103 63105 63107  0.0 0.0
63107 63110 63112 63114  0.0 0.0
63114 63117 63119 63121  0.0 0.0
63204 63215 63207 63209 -120.0 2.5
63239 63242 63244 63246  0.0 0.0
63286 63289 63291 63293  0.0 0.0
63342 63353 63345 63347 -120.0 2.5
63377 63380 63382 63384  0.0 0.0
63467 63478 63470 63472 -120.0 2.5
63487 63490 63492 63494  0.0 0.0
63494 63497 63499 63501  0.0 0.0
63501 63504 63506 63508  0.0 0.0
63508 63511 63513 63515  0.0 0.0
63515 63518 63520 63522  0.0 0.0
63522 63525 63527 63529  0.0 0.0
63600 63611 63603 63605 -120.0 2.5
63635 63638 63640 63642  0.0 0.0
63710 63716 63714 63719 -120.0 2.5
63727 63738 63730 63732 -120.0 2.5
63747 63750 63752 63754  0.0 0.0
63754 63757 63759 63761  0.0 0.0
63761 63764 63766 63768  0.0 0.0
63768 63771 63773 63775  0.0 0.0
63775 63778 63780 63782  0.0 0.0
63782 63785 63787 63789  0.0 0.0
63845 63851 63849 63854 -120.0 2.5
63862 63873 63865 63867 -120.0 2.5
63885 63888 63890 63892  0.0 0.0
63892 63895 63897 63899  0.0 0.0
63899 63902 63904 63906  0.0 0.0
63906 63909 63911 63913  0.0 0.0
63996 64007 63999 64001 -120.0 2.5
64031 64034 64036 64038  0.0 0.0
64121 64132 64124 64126 -120.0 2.5
64141 64144 64146 64148  0.0 0.0
64148 64151 64153 64155  0.0 0.0
64155 64158 64160 64162  0.0 0.0
64162 64165 64167 64169  0.0 0.0
64169 64172 64174 64176  0.0 0.0
64176 64179 64181 64183  0.0 0.0
64239 64245 64243 64248  120.0 2.5
64256 64267 64259 64261 -120.0 2.5
64291 64294 64296 64298  0.0 0.0
64366 64372 64370 64375 -120.0 2.5
64383 64394 64386 64388 -120.0 2.5
64403 64406 64408 64410  0.0 0.0
64410 64413 64415 64417  0.0 0.0
64417 64420 64422 64424  0.0 0.0
64424 64427 64429 64431  0.0 0.0
64431 64434 64436 64438  0.0 0.0
64438 64441 64443 64445  0.0 0.0
64501 64507 64505 64510  120.0 2.5
64518 64529 64521 64523 -120.0 2.5
64553 64556 64558 64560  0.0 0.0
64643 64654 64646 64648 -120.0 2.5
64666 64669 64671 64673  0.0 0.0
64673 64676 64678 64680  0.0 0.0
64680 64683 64685 64687  0.0 0.0
64687 64690 64692 64694  0.0 0.0
64753 64759 64757 64762 -120.0 2.5
64770 64781 64773 64775 -120.0 2.5
64790 64793 64795 64797  0.0 0.0
64797 64800 64802 64804  0.0 0.0
64804 64807 64809 64811  0.0 0.0
64811 64814 64816 64818  0.0 0.0
64818 64821 64823 64825  0.0 0.0
64825 64828 64830 64832  0.0 0.0
64912 64923 64915 64917 -120.0 2.5
64935 64938 64940 64942  0.0 0.0
64942 64945 64947 64949  0.0 0.0
64949 64952 64954 64956  0.0 0.0
64956 64959 64961 64963  0.0 0.0
65037 65048 65040 65042 -120.0 2.5
65057 65060 65062 65064  0.0 0.0
65064 65067 65069 65071  0.0 0.0
65071 65074 65076 65078  0.0 0.0
65078 65081 65083 65085  0.0 0.0
65085 65088 65090 65092  0.0 0.0
65092 65095 65097 65099  0.0 0.0
65179 65190 65182 65184 -120.0 2.5
65214 65217 65219 65221  0.0 0.0
65320 65313 65318 65316  120.0 2.5
65324 65322 65320 65318 -120.0 2.5
65320 65324 65326 65328  180.0 0.0
65431 65442 65434 65436 -120.0 2.5
65454 65457 65459 65461  0.0 0.0
65461 65464 65466 65468  0.0 0.0
65468 65471 65473 65475  0.0 0.0
65475 65478 65480 65482  0.0 0.0
65541 65547 65545 65550 -120.0 2.5
65558 65569 65561 65563 -120.0 2.5
65578 65581 65583 65585  0.0 0.0
65585 65588 65590 65592  0.0 0.0
65592 65595 65597 65599  0.0 0.0
65599 65602 65604 65606  0.0 0.0
65606 65609 65611 65613  0.0 0.0
65613 65616 65618 65620  0.0 0.0
65691 65702 65694 65696 -120.0 2.5
65711 65714 65716 65718  0.0 0.0
65718 65721 65723 65725  0.0 0.0
65725 65728 65730 65732  0.0 0.0
65732 65735 65737 65739  0.0 0.0
65739 65742 65744 65746  0.0 0.0
65746 65749 65751 65753  0.0 0.0
65840 65833 65838 65836  120.0 2.5
65844 65842 65840 65838 -120.0 2.5
65840 65844 65846 65848  180.0 0.0
65951 65962 65954 65956 -120.0 2.5
65986 65989 65991 65993  0.0 0.0
66076 66087 66079 66081 -120.0 2.5
66096 66099 66101 66103  0.0 0.0
66103 66106 66108 66110  0.0 0.0
66110 66113 66115 66117  0.0 0.0
66117 66120 66122 66124  0.0 0.0
66124 66127 66129 66131  0.0 0.0
66131 66134 66136 66138  0.0 0.0
66225 66218 66223 66221  120.0 2.5
66229 66227 66225 66223 -120.0 2.5
66225 66229 66231 66233  180.0 0.0
66342 66353 66345 66347 -120.0 2.5
66362 66365 66367 66369  0.0 0.0
66369 66372 66374 66376  0.0 0.0
66376 66379 66381 66383  0.0 0.0
66383 66386 66388 66390  0.0 0.0
66390 66393 66395 66397  0.0 0.0
66397 66400 66402 66404  0.0 0.0
66484 66495 66487 66489 -120.0 2.5
66519 66522 66524 66526  0.0 0.0
66594 66600 66598 66603 -120.0 2.5
66611 66622 66614 66616 -120.0 2.5
66631 66634 66636 66638  0.0 0.0
66638 66641 66643 66645  0.0 0.0
66645 66648 66650 66652  0.0 0.0
66652 66655 66657 66659  0.0 0.0
66659 66662 66664 66666  0.0 0.0
66666 66669 66671 66673  0.0 0.0
66744 66755 66747 66749 -120.0 2.5
66767 66770 66772 66774  0.0 0.0
66774 66777 66779 66781  0.0 0.0
66781 66784 66786 66788  0.0 0.0
66788 66791 66793 66795  0.0 0.0
66854 66860 66858 66863  120.0 2.5
66871 66882 66874 66876 -120.0 2.5
66906 66909 66911 66913  0.0 0.0
66981 66987 66985 66990  120.0 2.5
66998 67009 67001 67003 -120.0 2.5
67033 67036 67038 67040  0.0 0.0
67123 67134 67126 67128 -120.0 2.5
67143 67146 67148 67150  0.0 0.0
67150 67153 67155 67157  0.0 0.0
67157 67160 67162 67164  0.0 0.0
67164 67167 67169 67171  0.0 0.0
67171 67174 67176 67178  0.0 0.0
67178 67181 67183 67185  0.0 0.0
67241 67247 67245 67250 -120.0 2.5
67258 67269 67261 67263 -120.0 2.5
67281 67284 67286 67288  0.0 0.0
67288 67291 67293 67295  0.0 0.0
67295 67298 67300 67302  0.0 0.0
67302 67305 67307 67309  0.0 0.0
67392 67403 67395 67397 -120.0 2.5
67427 67430 67432 67434  0.0 0.0
67517 67528 67520 67522 -120.0 2.5
67537 67540 67542 67544  0.0 0.0
67544 67547 67549 67551  0.0 0.0
67551 67554 67556 67558  0.0 0.0
67558 67561 67563 67565  0.0 0.0
67565 67568 67570 67572  0.0 0.0
67572 67575 67577 67579  0.0 0.0
67650 67661 67653 67655 -120.0 2.5
67670 67673 67675 67677  0.0 0.0
67677 67680 67682 67684  0.0 0.0
67684 67687 67689 67691  0.0 0.0
67691 67694 67696 67698  0.0 0.0
67698 67701 67703 67705  0.0 0.0
67705 67708 67710 67712  0.0 0.0
67783 67794 67786 67788 -120.0 2.5
67818 67821 67823 67825  0.0 0.0
67908 67919 67911 67913 -120.0 2.5
67928 67931 67933 67935  0.0 0.0
67935 67938 67940 67942  0.0 0.0
67942 67945 67947 67949  0.0 0.0
67949 67952 67954 67956  0.0 0.0
67956 67959 67961 67963  180.0 0.0
67963 67966 67968 67970  0.0 0.0
68026 68032 68030 68035 -120.0 2.5
68043 68054 68046 68048 -120.0 2.5
68066 68069 68071 68073  0.0 0.0
68073 68076 68078 68080  0.0 0.0
68080 68083 68085 68087  0.0 0.0
68087 68090 68092 68094  0.0 0.0
68168 68179 68171 68173 -120.0 2.5
68188 68191 68193 68195  0.0 0.0
68195 68198 68200 68202  0.0 0.0
68202 68205 68207 68209  0.0 0.0
68209 68212 68214 68216  0.0 0.0
68216 68219 68221 68223  0.0 0.0
68223 68226 68228 68230  0.0 0.0
68286 68292 68290 68295 -120.0 2.5
68303 68314 68306 68308 -120.0 2.5
68323 68326 68328 68330  0.0 0.0
68330 68333 68335 68337  0.0 0.0
68337 68340 68342 68344  0.0 0.0
68344 68347 68349 68351  0.0 0.0
68351 68354 68356 68358  0.0 0.0
68358 68361 68363 68365  0.0 0.0
68436 68447 68439 68441 -120.0 2.5
68459 68462 68464 68466  0.0 0.0
68466 68469 68471 68473  0.0 0.0
68473 68476 68478 68480  0.0 0.0
68480 68483 68485 68487  0.0 0.0
68570 68581 68573 68575 -120.0 2.5
68593 68596 68598 68600  0.0 0.0
68600 68603 68605 68607  0.0 0.0
68607 68610 68612 68614  0.0 0.0
68614 68617 68619 68621  0.0 0.0
68695 68706 68698 68700 -120.0 2.5
68730 68733 68735 68737  0.0 0.0
68805 68811 68809 68814 -120.0 2.5
68822 68833 68825 68827 -120.0 2.5
68845 68848 68850 68852  0.0 0.0
68852 68855 68857 68859  0.0 0.0
68859 68862 68864 68866  0.0 0.0
68866 68869 68871 68873  0.0 0.0
68947 68958 68950 68952 -120.0 2.5
68982 68985 68987 68989  0.0 0.0
69057 69063 69061 69066 -120.0 2.5
69074 69085 69077 69079 -120.0 2.5
69094 69097 69099 69101  0.0 0.0
69101 69104 69106 69108  0.0 0.0
69108 69111 69113 69115  0.0 0.0
69115 69118 69120 69122  0.0 0.0
69122 69125 69127 69129  0.0 0.0
69129 69132 69134 69136  0.0 0.0
69207 69218 69210 69212 -120.0 2.5
69227 69230 69232 69234  0.0 0.0
69234 69237 69239 69241  0.0 0.0
69241 69244 69246 69248  0.0 0.0
69248 69251 69253 69255  0.0 0.0
69255 69258 69260 69262  0.0 0.0
69262 69265 69267 69269  0.0 0.0
69325 69331 69329 69334  120.0 2.5
69342 69353 69345 69347 -120.0 2.5
69377 69380 69382 69384  0.0 0.0
69483 69476 69481 69479  120.0 2.5
69487 69485 69483 69481 -120.0 2.5
69483 69487 69489 69491  180.0 0.0
69609 69620 69612 69614 -120.0 2.5
69644 69647 69649 69651  0.0 0.0
69734 69745 69737 69739 -120.0 2.5
69757 69760 69762 69764  0.0 0.0
69764 69767 69769 69771  0.0 0.0
69771 69774 69776 69778  0.0 0.0
69778 69781 69783 69785  0.0 0.0
69859 69870 69862 69864 -120.0 2.5
69882 69885 69887 69889  0.0 0.0
69889 69892 69894 69896  0.0 0.0
69896 69899 69901 69903  0.0 0.0
69903 69906 69908 69910  0.0 0.0
69969 69975 69973 69978 -120.0 2.5
69986 69997 69989 69991 -120.0 2.5
70009 70012 70014 70016  0.0 0.0
70016 70019 70021 70023  0.0 0.0
70023 70026 70028 70030  0.0 0.0
70030 70033 70035 70037  0.0 0.0
70120 70131 70123 70125 -120.0 2.5
70143 70146 70148 70150  0.0 0.0
70150 70153 70155 70157  0.0 0.0
70157 70160 70162 70164  0.0 0.0
70164 70167 70169 70171  0.0 0.0
70245 70256 70248 70250 -120.0 2.5
70268 70271 70273 70275  0.0 0.0
70275 70278 70280 70282  0.0 0.0
70282 70285 70287 70289  0.0 0.0
70289 70292 70294 70296  0.0 0.0
70379 70390 70382 70384 -120.0 2.5
70414 70417 70419 70421  0.0 0.0
70513 70524 70516 70518 -120.0 2.5
70533 70536 70538 70540  0.0 0.0
70540 70543 70545 70547  0.0 0.0
70547 70550 70552 70554  0.0 0.0
70554 70557 70559 70561  0.0 0.0
70561 70564 70566 70568  0.0 0.0
70568 70571 70573 70575  0.0 0.0
70646 70657 70649 70651 -120.0 2.5
70666 70669 70671 70673  0.0 0.0
70673 70676 70678 70680  0.0 0.0
70680 70683 70685 70687  0.0 0.0
70687 70690 70692 70694  0.0 0.0
70694 70697 70699 70701  0.0 0.0
70701 70704 70706 70708  0.0 0.0
70788 70799 70791 70793 -120.0 2.5
70811 70814 70816 70818  0.0 0.0
70818 70821 70823 70825  0.0 0.0
70825 70828 70830 70832  0.0 0.0
70832 70835 70837 70839  0.0 0.0
70922 70933 70925 70927 -120.0 2.5
70957 70960 70962 70964  0.0 0.0
71004 71007 71009 71011  0.0 0.0
71036 71042 71040 71045 -120.0 2.5
71053 71064 71056 71058 -120.0 2.5
71073 71076 71078 71080  0.0 0.0
71080 71083 71085 71087  0.0 0.0
71087 71090 71092 71094  0.0 0.0
71094 71097 71099 71101  0.0 0.0
71101 71104 71106 71108  0.0 0.0
71108 71111 71113 71115  0.0 0.0
71186 71197 71189 71191 -120.0 2.5
71206 71209 71211 71213  0.0 0.0
71213 71216 71218 71220  0.0 0.0
71220 71223 71225 71227  0.0 0.0
71227 71230 71232 71234  0.0 0.0
71234 71237 71239 71241  0.0 0.0
71241 71244 71246 71248  0.0 0.0
71319 71330 71322 71324 -120.0 2.5
71339 71342 71344 71346  0.0 0.0
71346 71349 71351 71353  0.0 0.0
71353 71356 71358 71360  0.0 0.0
71360 71363 71365 71367  0.0 0.0
71367 71370 71372 71374  0.0 0.0
71374 71377 71379 71381  0.0 0.0
71452 71463 71455 71457 -120.0 2.5
71472 71475 71477 71479  0.0 0.0
71479 71482 71484 71486  0.0 0.0
71486 71489 71491 71493  0.0 0.0
71493 71496 71498 71500  0.0 0.0
71500 71503 71505 71507  0.0 0.0
71507 71510 71512 71514  0.0 0.0
71570 71576 71574 71579 -120.0 2.5
71587 71598 71590 71592 -120.0 2.5
71607 71610 71612 71614  0.0 0.0
71614 71617 71619 71621  0.0 0.0
71621 71624 71626 71628  0.0 0.0
71628 71631 71633 71635  0.0 0.0
71635 71638 71640 71642  0.0 0.0
71642 71645 71647 71649  0.0 0.0
71729 71740 71732 71734 -120.0 2.5
71764 71767 71769 71771  0.0 0.0
71863 71874 71866 71868 -120.0 2.5
71898 71901 71903 71905  0.0 0.0
71988 71999 71991 71993 -120.0 2.5
72008 72011 72013 72015  0.0 0.0
72015 72018 72020 72022  0.0 0.0
72022 72025 72027 72029  0.0 0.0
72029 72032 72034 72036  0.0 0.0
72036 72039 72041 72043  0.0 0.0
72043 72046 72048 72050  0.0 0.0
72106 72112 72110 72115  120.0 2.5
72123 72134 72126 72128 -120.0 2.5
72158 72161 72163 72165  0.0 0.0
72233 72239 72237 72242  120.0 2.5
72250 72261 72253 72255 -120.0 2.5
72285 72288 72290 72292  0.0 0.0
72375 72386 72378 72380 -120.0 2.5
72398 72401 72403 72405  0.0 0.0
72405 72408 72410 72412  0.0 0.0
72412 72415 72417 72419  0.0 0.0
72419 72422 72424 72426  0.0 0.0
72509 72520 72512 72514 -120.0 2.5
72544 72547 72549 72551  0.0 0.0
72643 72654 72646 72648 -120.0 2.5
72678 72681 72683 72685  0.0 0.0
72753 72759 72757 72762 -120.0 2.5
72770 72781 72773 72775 -120.0 2.5
72790 72793 72795 72797  0.0 0.0
72797 72800 72802 72804  0.0 0.0
72804 72807 72809 72811  0.0 0.0
72811 72814 72816 72818  0.0 0.0
72818 72821 72823 72825  0.0 0.0
72825 72828 72830 72832  0.0 0.0
72912 72923 72915 72917 -120.0 2.5
72947 72950 72952 72954  0.0 0.0
73037 73048 73040 73042 -120.0 2.5
73057 73060 73062 73064  0.0 0.0
73064 73067 73069 73071  0.0 0.0
73071 73074 73076 73078  0.0 0.0
73078 73081 73083 73085  0.0 0.0
73085 73088 73090 73092  0.0 0.0
73092 73095 73097 73099  0.0 0.0
73179 73190 73182 73184 -120.0 2.5
73214 73217 73219 73221  0.0 0.0
73304 73315 73307 73309 -120.0 2.5
73327 73330 73332 73334  0.0 0.0
73334 73337 73339 73341  0.0 0.0
73341 73344 73346 73348  0.0 0.0
73348 73351 73353 73355  0.0 0.0
73438 73449 73441 73443 -120.0 2.5
73461 73464 73466 73468  0.0 0.0
73468 73471 73473 73475  0.0 0.0
73475 73478 73480 73482  0.0 0.0
73482 73485 73487 73489  0.0 0.0
73572 73583 73575 73577 -120.0 2.5
73595 73598 73600 73602  0.0 0.0
73602 73605 73607 73609  0.0 0.0
73609 73612 73614 73616  0.0 0.0
73616 73619 73621 73623  0.0 0.0
73697 73708 73700 73702 -120.0 2.5
73717 73720 73722 73724  0.0 0.0
73724 73727 73729 73731  0.0 0.0
73731 73734 73736 73738  0.0 0.0
73738 73741 73743 73745  0.0 0.0
73745 73748 73750 73752  0.0 0.0
73752 73755 73757 73759  0.0 0.0
73839 73850 73842 73844 -120.0 2.5
73874 73877 73879 73881  0.0 0.0
73964 73975 73967 73969 -120.0 2.5
73984 73987 73989 73991  0.0 0.0
73991 73994 73996 73998  0.0 0.0
73998 74001 74003 74005  0.0 0.0
74005 74008 74010 74012  0.0 0.0
74012 74015 74017 74019  0.0 0.0
74019 74022 74024 74026  0.0 0.0
74097 74108 74100 74102 -120.0 2.5
74117 74120 74122 74124  0.0 0.0
74124 74127 74129 74131  0.0 0.0
74131 74134 74136 74138  0.0 0.0
74138 74141 74143 74145  0.0 0.0
74145 74148 74150 74152  0.0 0.0
74152 74155 74157 74159  0.0 0.0
74215 74221 74219 74224 -120.0 2.5
74232 74243 74235 74237 -120.0 2.5
74252 74255 74257 74259  0.0 0.0
74259 74262 74264 74266  0.0 0.0
74266 74269 74271 74273  0.0 0.0
74273 74276 74278 74280  0.0 0.0
74280 74283 74285 74287  0.0 0.0
74287 74290 74292 74294  0.0 0.0
74350 74356 74354 74359 -120.0 2.5
74367 74378 74370 74372 -120.0 2.5
74390 74393 74395 74397  0.0 0.0
74397 74400 74402 74404  0.0 0.0
74404 74407 74409 74411  0.0 0.0
74411 74414 74416 74418  0.0 0.0
74492 74503 74495 74497 -120.0 2.5
74512 74515 74517 74519  0.0 0.0
74519 74522 74524 74526  0.0 0.0
74526 74529 74531 74533  0.0 0.0
74533 74536 74538 74540  0.0 0.0
74540 74543 74545 74547  0.0 0.0
74547 74550 74552 74554  0.0 0.0
74625 74636 74628 74630 -120.0 2.5
74645 74648 74650 74652  0.0 0.0
74652 74655 74657 74659  0.0 0.0
74659 74662 74664 74666  0.0 0.0
74666 74669 74671 74673  0.0 0.0
74673 74676 74678 74680  0.0 0.0
74680 74683 74685 74687  0.0 0.0
74774 74767 74772 74770  120.0 2.5
74778 74776 74774 74772 -120.0 2.5
74774 74778 74780 74782  180.0 0.0
74900 74911 74903 74905 -120.0 2.5
74935 74938 74940 74942  0.0 0.0
75025 75036 75028 75030 -120.0 2.5
75045 75048 75050 75052  0.0 0.0
75052 75055 75057 75059  0.0 0.0
75059 75062 75064 75066  0.0 0.0
75066 75069 75071 75073  0.0 0.0
75073 75076 75078 75080  0.0 0.0
75080 75083 75085 75087  0.0 0.0
75158 75169 75161 75163 -120.0 2.5
75178 75181 75183 75185  0.0 0.0
75185 75188 75190 75192  0.0 0.0
75192 75195 75197 75199  0.0 0.0
75199 75202 75204 75206  0.0 0.0
75206 75209 75211 75213  0.0 0.0
75213 75216 75218 75220  0.0 0.0
75291 75302 75294 75296 -120.0 2.5
75314 75317 75319 75321  0.0 0.0
75321 75324 75326 75328  0.0 0.0
75328 75331 75333 75335  0.0 0.0
75335 75338 75340 75342  0.0 0.0
