14564
14690
14816
14942
15068
15194
15320
15446
15572
15698
15824
15950
16076
16202
16328
16454
16580
16706
16832
16958
17084
17210
17336
17462
17587
17661
17735
17809
17883
17957
18031
18105
18179
18253
18327
18401
18475
18549
18623
18697
18771
18845
18919
18993
19067
19141
19215
19289
19363
19437
19511
19585
19659
19733
19807
19881
19955
20029
20103
20177
20251
20325
20399
20473
20547
20621
20695
20769
20843
20917
20991
21065
21139
21213
21287
21361
21435
21509
21583
21657
21731
21805
21879
21953
22027
22101
22175
22249
22323
22397
22471
22545
22619
22693
22767
22841
22915
22989
23063
23137
23211
23285
23359
23433
23507
23581
23655
23729
23803
23877
23951
24025
24099
24173
24247
24321
24395
24469
24543
24617
24691
24765
24839
24913
24987
25061
25135
25209
25283
25357
25431
25505
25579
25653
25727
25801
25875
25949
26023
26097
26171
26245
26319
26393
26467
26541
26615
26689
26763
26837
26911
26985
27059
27133
27207
27281
27355
27429
27503
27577
27651
27725
27807
27941
28075
28209
28347
28481
28619
28746
28871
29013
29147
29281
29415
29533
29658
29792
29910
30044
30178
30312
30437
30562
30696
30829
30962
31091
31233
31360
31493
31618
31760
31894
32019
32153
32287
32421
32539
32673
32807
32941
33066
33200
33325
33467
33585
33710
33852
33979
34117
34242
34384
34518
34651
34784
34918
35052
35170
35304
35438
35572
35690
35832
35965
36099
36233
36367
36509
36643
36770
36888
37021
37154
37288
37415
37549
37676
37809
37943
38081
38208
38342
38460
38602
38736
38863
38997
39135
39269
39402
39527
39661
39795
39922
40056
40189
40323
40457
40591
40716
40841
40983
41125
41252
41394
41527
41652
41777
41919
42044
42186
42310
42452
42577
42711
42853
42980
43098
43240
43367
43492
43625
43767
43892
44017
44091
44165
44239
44313
44387
44461
44535
44609
44683
44757
44831
44905
44979
45053
45127
45201
45275
45349
45423
45497
45571
45645
45719
45793
45867
45941
46015
46089
46163
46237
46311
46385
46459
46533
46607
46681
46755
46829
46903
46977
47051
47125
47199
47273
47347
47421
47495
47569
47643
47717
47791
47865
47939
48013
48087
48161
48235
48309
48383
48457
48531
48605
48679
48753
48827
48901
48975
49049
49123
49197
49271
49345
49419
49493
49567
49641
49715
49789
49863
49937
50011
50085
50159
50233
50307
50381
50455
50529
50603
50677
50751
50825
50899
50973
51047
51121
51195
51269
51343
51417
51491
51565
51639
51713
51787
51861
51935
52009
52083
52157
52231
52305
52379
52453
52527
52601
52675
52749
52823
52897
52971
53045
53119
53193
53267
53341
53415
53489
53563
53637
53711
53785
53859
53933
54007
54081
54155
54229
54303
54377
54459
54596
54729
54854
54996
55121
55248
55383
55516
55641
55775
55905
56036
56169
56296
56430
56555
56680
56805
56938
57080
57198
57331
57456
57589
57723
57841
57983
58116
58250
58395
58532
58666
58804
58929
59054
59188
59315
59460
59591
59724
59861
59992
60126
60244
60379
60506
60633
60778
60915
61040
61165
61302
61439
61573
61710
61843
61980
62111
62244
62381
62524
62667
62798
62931
63065
63199
63337
63462
63595
63722
63857
63991
64116
64251
64378
64513
64638
64765
64907
65032
65174
65308
65426
65553
65686
65828
65946
66071
66213
66337
66479
66606
66739
66866
66993
67118
67253
67387
67512
67645
67778
67903
68038
68163
68298
68431
68565
68690
68817
68942
69069
69202
69337
69471
69604
69729
69854
69981
70115
70240
70374
70508
70641
70783
70917
71048
71181
71314
71447
71582
71724
71858
71983
72118
72245
72370
72504
72638
72765
72907
73032
73174
73299
73433
73567
73692
73834
73959
74092
74227
74362
74487
74620
74762
74895
75020
75153
75286
